filename
dataset name
Wavelength explicit
Intervalnr  41 
400 405 410 415 420 425 430 435 440 445 450 455 460 465 470 475 480 485 490 495 500 505 510 515 520 525 530 535 540 545 550 555 560 565 570 575 580 585 590 595 600
0 0.230584723404157 0.351696296930481 0.353444677764315 0.45257273244771 0.583707550652376 0.633516302484483 0.872073769169709 0.968339907384021 1.08917043156071 1.21273897265002 1.14468524241648 1.39692947886736 1.38113127557705 1.4806295971989 1.53093486901724 1.65655202570093 1.64262377800985 1.58767075210745 1.62103179637275 1.56776565302735 1.43588573175318 1.35859359098191 1.30509288500621 1.18409269457918 1.11547644194803 0.952571269811474 0.882995668354165 0.851480847379658 0.622646887114944 0.576477592987537 0.500055921718116 0.513828791058076 0.528289450566295 0.313177208680612 0.308530262410532 0.234406585701757 0.254197057949536 0.177441673054057 0.184871347571597 0.174133532614042 0.118721549744573
1 0.233279198834665 0.296165981625509 0.556367485093322 0.473573729356406 0.612148400000301 0.661678000866402 0.755966762185883 0.877934793077134 1.05196045954526 1.19781785413978 1.13736412283718 1.25765626853713 1.34577889617996 1.53202396041614 1.49535240785109 1.45728107792516 1.5369639542156 1.51404489000218 1.56593760152406 1.55299936224767 1.59801379298331 1.20383172055902 1.22247700261344 1.16898856689138 1.11888721960636 0.967359119094928 0.863499551457351 0.761537776481421 0.731103049997789 0.526956242062438 0.684428918047093 0.500199038031897 0.452309770651518 0.321845462897197 0.317931981631291 0.360836158931853 0.227351074225163 0.257158950681984 0.184068450951 0.161269222741602 0.0807939181630301
2 0.309642560408832 0.330133228424679 0.352519567644397 0.5521712162099 0.544730967217703 0.682074446911152 0.826597923365545 0.853455584328899 0.858493683279394 1.10517346162793 1.16013826190232 1.35242606803539 1.39778432410648 1.45203478166192 1.4421861611884 1.44476741791752 1.53426777410438 1.56416925654728 1.46525175981696 1.47908979801462 1.44189460355182 1.42494279530892 1.25780859566825 1.21021709590304 1.03043438375596 0.964303555208776 0.883736348642903 0.800034499714383 0.688552881810757 0.666135544712159 0.547517986353942 0.450384344023978 0.511362208153299 0.416069368985928 0.263033183998128 0.280244153195473 0.165475021821907 0.238247409903437 0.236512999542115 0.136074515541158 0.132278310976966
3 0.222851565515087 0.271003433393749 0.368441342627387 0.427892649236799 0.550842911683501 0.584263216169549 0.688870862931325 0.856310986448005 0.9162200392422 0.916775588143719 1.12542496639308 1.23427105395182 1.24387522701491 1.33375736823163 1.49858447510511 1.41656458492623 1.54076808700661 1.51732599869413 1.51063015791261 1.4305145089091 1.44894197294365 1.39740037203913 1.28280365295642 1.0815597057273 1.0331402399936 1.0551294366469 0.881639538338449 0.775659364680179 0.688513215695124 0.617671756102342 0.541257283482102 0.495956557381536 0.471579688946873 0.315097755242291 0.374212198898054 0.385362483338271 0.278927301555485 0.187857686890062 0.191123704657522 0.162201967567518 0.0402602058963831
4 0.214072007621333 0.283580111003042 0.366586557282826 0.342126229781358 0.558919197336624 0.5912793936595 0.667279611312136 0.696377256611311 0.899092834656097 1.03925609680264 1.0825929924075 1.1290076428172 1.21168892213566 1.33055861491891 1.46798731465373 1.35290272710955 1.41836954937869 1.47980009355596 1.46627090430696 1.47465881423052 1.33509520762414 1.23022128858347 1.2334394786933 1.09542488671104 1.01356162477377 0.88729757093372 0.847775367625095 0.741999444571247 0.735385106037312 0.550025105488081 0.53039896580724 0.442607732242353 0.377326533971923 0.332234991850671 0.342471655677025 0.305184908724675 0.284932499185462 0.177840944843749 0.173147720379594 0.0960516945388496 -0.0272916466791517
5 0.282269367090045 0.307600625239674 0.292800993480185 0.355276317007675 0.466900265613312 0.574904688815479 0.709300556692169 0.693134969357711 0.756132107323384 0.924136948085295 1.06587840603847 1.1313635251043 1.21093406082093 1.31973740562585 1.33881017243535 1.41311341521864 1.40219680519557 1.44624947939276 1.44160654150672 1.38509196535004 1.32529681502433 1.25523950735191 1.24099620931934 1.18175882284764 1.16160972908265 0.87774036990048 0.8061720477544 0.741415938922712 0.632606701662258 0.658702773482427 0.621510799942343 0.478504418732827 0.384334770568303 0.360960976281675 0.187872085969854 0.199086653636798 0.178413173425735 0.12069107323015 0.20709962256318 0.130649513728532 0.213558244779018
6 0.209063892368217 0.26104677483604 0.326015202097443 0.392338702929929 0.493172883998158 0.535641621039733 0.672110069117514 0.71322150424006 0.814831150296811 0.913066057550227 0.973434850985607 1.05924906102159 1.14836119926822 1.27011168582525 1.28844098816176 1.30423572977567 1.32511970871505 1.41904256172424 1.40116286226038 1.42896407643108 1.32592961061073 1.31170054332894 1.11686468795629 1.15996541632362 1.01411625871956 0.901063314709756 0.788849836626784 0.770934500599061 0.728184585215343 0.626543853343622 0.558241996162117 0.426240127511936 0.329996692320868 0.393883423740685 0.270104559469173 0.223052054915062 0.214796756798217 0.157119880159529 0.136861692104301 0.0898625207073174 0.15677288380804
7 0.112828693241709 0.210240767772898 0.302701683200922 0.3299290984988 0.359926064891299 0.528363092253752 0.522897598427539 0.641795074677091 0.713512212694186 0.87990227758509 1.00437503277002 1.0551736719929 1.1315383326912 1.27672275953549 1.25166520229612 1.20926894696124 1.36617100964496 1.39174944137053 1.34134898509563 1.32138156825341 1.36466193336603 1.27301737222808 1.15697695920733 1.13547289415683 1.01894018936437 0.940291158124555 0.840424102256582 0.754463074261168 0.644213286062548 0.627378091903161 0.508322503742612 0.496549438745294 0.436215907864871 0.313687141773618 0.288725676937519 0.27277797175601 0.259274233575973 0.320807096689812 0.217774304267746 0.0798660601364575 0.150008817068796
8 0.132334434569544 0.271909433218912 0.258416948924541 0.302293121847718 0.361544772556957 0.46442893961074 0.505328418816145 0.70112143159734 0.771942566521302 0.807934130570483 0.860121166548542 1.01060507813804 1.20123525373871 1.1343626751542 1.23519853716187 1.25099931540777 1.33726183149728 1.23141546230921 1.32035918554522 1.33071702686502 1.24357660509313 1.26792762779023 1.1686209055851 1.1462380855425 0.966216554219906 0.94179147980399 0.88579649546593 0.798583591064467 0.623280927276096 0.574052012133463 0.458492968604769 0.488333959141299 0.477595446540464 0.303412916773707 0.243121360142485 0.228654586103536 0.26462102775767 0.187923510088547 0.111092081954604 0.121730333100982 0.00581511092000582
9 0.135492499465059 0.252721509944323 0.258188757860822 0.295847601666456 0.453022015170567 0.426082911809947 0.454171039612535 0.636531480002828 0.715650068720122 0.774854510559062 0.810265176616761 0.911492300979446 0.993453447966021 1.18508441720238 1.20199136728886 1.23040106245457 1.31754506466636 1.29386286698755 1.33256508242758 1.19933689698597 1.28107241932908 1.13229027925556 1.06853520063573 1.05975344190653 0.959557826063984 0.845514121218903 0.770333666851381 0.719943830725591 0.642890077677585 0.559408698812379 0.460895549715634 0.512626510729474 0.347664563813409 0.316536874004328 0.282997120820344 0.273710567583153 0.193705767262686 0.234393252743219 0.178229479276661 0.145952320623074 0.150870516621713
10 0.210554479117659 0.219654443911418 0.239721381032449 0.301151271213856 0.376463569499994 0.292078276183212 0.505687971091527 0.578296417346888 0.696666219650669 0.797205727707403 0.775563877041332 0.888254962380739 0.99994532053011 1.14715011290006 1.17875218856964 1.26141211825056 1.19469917636 1.27969701721411 1.28194079976311 1.24866295199786 1.11377056556302 1.29726563554877 1.18502521932081 1.00736016548186 1.02939481130077 0.887772131260723 0.782451465041437 0.677067043052552 0.667076707685971 0.570985305023796 0.469706298308048 0.546369388019303 0.330908785641215 0.281665273887432 0.238144989955125 0.29109340408292 0.174940979884883 0.178428998749885 0.0750919533867501 0.091158534848876 0.142383561443897
11 0.159366655253476 0.193937778457539 0.335069680056062 0.361011734471814 0.23655429431097 0.398256532001776 0.480709532813644 0.472607235414427 0.635338429347341 0.751144065982017 0.842191534676051 0.910177327164355 0.956652107992573 1.0549287110252 1.09562578540272 1.13352627544684 1.23299259562167 1.28432346325134 1.20812270784799 1.23180134413114 1.17410074915128 1.09495967199314 1.04038299972155 1.05160311502081 0.93271793305949 0.870102332818686 0.810478230419426 0.725012798477618 0.631766648721147 0.591576056257518 0.565916898188321 0.41178715826755 0.432533563098493 0.384074685891723 0.310969702766787 0.274010833006105 0.234862409280396 0.217095041283174 0.171877719878647 0.127320347030449 0.111893993609559
12 0.153866771309646 0.140919853444737 0.179485707207523 0.261947861095586 0.253517507782367 0.404220426497194 0.467824109568849 0.524015348751293 0.645089431534157 0.735989080629557 0.770639140863496 0.946188107357272 1.02702486924124 0.983582202004288 1.06084401268875 1.21834095792773 1.1536754819618 1.16391125314872 1.2124375498963 1.1744989975116 1.11660430512689 1.17322813133697 1.08629762308361 1.0646287930246 0.940249149027449 0.923135484370531 0.758705236422122 0.745662374093795 0.591799675475699 0.606903095646408 0.492019774115388 0.489333948069024 0.310005552398618 0.226833535352942 0.308001161860136 0.244734448040248 0.120563651805035 0.182927417504204 0.0802867175649225 0.0438219061942028 0.156417559019043
13 0.132218397470882 0.231179823927318 0.150304659428353 0.306491468945084 0.295164384833883 0.390352800229218 0.455587769479969 0.482937735527995 0.644972017315656 0.77804503003919 0.785541735723604 0.889076655463865 0.883402181488187 0.948757731619542 1.13471108905615 1.15310362305149 1.17534407759712 1.17461942660693 1.13930004292237 1.14101557939462 1.21936221639082 1.12713028836682 1.07214215532735 1.12066157477744 0.948026770526077 0.909249166047104 0.785234254874544 0.818350552521314 0.617580242796249 0.642053578722249 0.459989960318397 0.366638275106348 0.479386620391198 0.307440315263372 0.330009004224189 0.217818145243832 0.167631307272338 0.252730827929959 0.146248577163953 0.112284640248694 0.170587798320176
14 0.092130485493992 0.124456621538079 0.19615779170193 0.270808103315663 0.332856814042188 0.317712220766549 0.377392647092467 0.470951117594499 0.649656083548503 0.665972326467414 0.70540544970103 0.775716422028395 0.889716973308978 0.998371381712939 1.02045723071412 1.12548729025804 1.21815161870388 1.12329035719165 1.13615694589309 1.2214355424101 1.13866989275115 1.08501685511754 1.05761618007644 0.890433263996858 0.897866862337397 0.830861750844205 0.769711242125876 0.675094409128278 0.499533430878217 0.532901199749171 0.5339117764617 0.412163754336719 0.409434017834376 0.259694969424699 0.308548641753126 0.184077940375598 0.252599339442292 0.158334703888261 0.0690960801381042 0.192438313161427 0.107849622751905
15 0.202868243416799 0.255622765128538 0.199535502095807 0.221111050652537 0.269671347710501 0.417306807437779 0.338394400270115 0.395494698239802 0.526606909094689 0.618327235873297 0.663331749754414 0.821749381000782 0.906518125780377 0.945547419052762 1.03736311763062 1.04013542530806 1.10261167566387 1.20821113624202 1.15742230357691 1.20173332829653 1.11124464183399 1.07193809601323 1.02847100308059 0.991440666483856 1.00800161232345 0.840719931601467 0.726419210977407 0.676148739193324 0.596298689512115 0.50344812102426 0.558100997395107 0.479404049634127 0.292646372317976 0.231871955110075 0.365721766891411 0.264155771154863 0.127528530494015 0.0970553336098254 0.124141724822727 0.0756235898503777 0.210627727649063
16 0.132357559326444 0.215112440824613 0.196128933374943 0.138336685073571 0.291961234869846 0.326419189291502 0.421037273768055 0.459140266725176 0.393474030246496 0.473914751853443 0.649965590013981 0.752867698836916 0.788893144024742 1.01296344042873 0.994907062300566 1.15698119001259 1.14144156396817 1.19863025120963 1.05573599699182 1.07382642123558 1.18372662055303 1.02758677736847 1.04940162313708 0.999989106061058 0.829525564943124 0.863246170143072 0.800139802360069 0.730932585368781 0.639736616387575 0.555233420663829 0.452719498299399 0.392357996262285 0.39374183848383 0.329134171477656 0.265022630801318 0.2918123542275 0.151491257981949 0.226437784102239 0.116475839482537 0.0728430486686542 0.162186585484484
17 0.00340070762925256 0.119338458394996 0.142194656046275 0.177745113355459 0.295434975979189 0.303042143357704 0.389841546546781 0.362964337174814 0.486554781157058 0.696733563342299 0.55246012665706 0.746468122805307 0.900493614813007 0.92688457784952 0.926565730647832 1.02870404011133 1.04694002710912 1.15428897515083 1.04300655915866 1.14342092912525 1.15619804769142 1.14505070955645 0.963688941403988 0.9543449652513 0.992702801149731 0.740358339541525 0.794404698449122 0.745359949752947 0.603803396967535 0.69734800704895 0.461871182079462 0.443757811256948 0.378898887363011 0.402632695785475 0.175000143090245 0.240313496326925 0.198315269269699 0.168635231702531 0.182191772205129 0.120797519916898 0.173399697736366
18 0.13137262907186 0.0728375222567985 0.103247883962873 0.168723374249142 0.318476858003904 0.345784046696138 0.260340439594084 0.385318777330771 0.475398916232609 0.516864003126119 0.564502210109908 0.721723081861864 0.828619606307317 0.858800258399114 0.981810552122557 0.92431905044578 1.04025732130084 1.03486731277223 1.16511248785503 1.05067860824513 1.0411693858624 1.05564148985439 0.939529249610712 0.869346372768975 0.866023124269054 0.800163936291897 0.796994385807641 0.642988437262423 0.642119505580123 0.52094841575694 0.49811836419735 0.378701191917223 0.247900499482487 0.405500971088458 0.282305529953083 0.280595489647795 0.194087571687474 0.252713320677508 0.124522965258685 0.157830606805437 0.0958408281403529
19 0.0675288559981056 0.0820457960170356 0.211339544207448 0.185555334354289 0.225833131784209 0.232464095408489 0.315422338350963 0.3983776992859 0.438528237645352 0.639671846418109 0.52989443729293 0.815912700278741 0.719339457523683 0.804479731521104 0.939750663735872 0.984989933359956 1.0667747271692 1.10047658321897 1.06442374188196 1.03848653531696 1.09369351254205 1.05183688403518 0.960406478686436 0.974795179512516 0.943184493304416 0.837276282593352 0.803053282068867 0.703910437191085 0.627542519000792 0.595879912577044 0.477409995981623 0.402500731610306 0.366945574478911 0.293705440806246 0.311892928510455 0.352924398280503 0.120337642566655 0.184791954451082 0.114382328436975 0.192214402711372 0.104461053622981
20 0.0329156211288566 0.124170401431249 0.122903815787815 0.238722843475373 0.209174375383761 0.232818216680209 0.260587389148253 0.32371475072412 0.456861769175032 0.520633877222145 0.634786979328038 0.607383410092796 0.775059116269493 0.806027948817767 0.980906416990179 0.879000667082715 0.992385630239969 1.11805979655046 0.984623017662181 1.10264293962599 0.99762341542794 1.03750620832128 0.979773668442685 0.889552461351744 0.767343654193087 0.775426465384298 0.708361201268604 0.637309603468683 0.631164716908748 0.522734155704998 0.494827582175525 0.416318424454111 0.337427172817727 0.285097947296615 0.257736512217439 0.336887404600441 0.232368979421886 0.250299003109935 0.213077670850829 0.262413121480083 0.0643125297823026
21 0.0708065236023861 0.0930853841040379 0.0897331561447999 0.27938813617571 0.113451917497132 0.362847467053323 0.187832376672187 0.376483370707275 0.462058110464701 0.560764255746661 0.533284058183084 0.65221693172731 0.721951118058215 0.832660898152359 0.897544013043577 0.941610307359445 0.923498873519332 1.05231958037697 1.05616435398944 1.02797013789239 1.02249956680432 0.99683066260597 1.03533113815956 0.944875158293951 0.907316478019664 0.791838068727283 0.704633118134183 0.612464327664036 0.627417729468828 0.507328219839784 0.557132607802024 0.385125580010992 0.320210126868713 0.291161064582116 0.346259080374678 0.214114092631411 0.154698533693419 0.194170791863188 0.234656821795377 0.169093029475685 0.13023889047564
22 0.0260496748234643 0.0824524253617292 0.114211418262144 0.233613429780025 0.195987573097665 0.231825954152927 0.285599479493218 0.266764788957027 0.369577652501568 0.461220807531166 0.584654776570533 0.539656675488358 0.729516662629771 0.774263778221664 0.856730350123937 0.918264365769202 1.05497261996741 0.99969120013009 1.11307431919902 1.09838200773581 1.11480800978479 0.947847648212523 1.04205162720811 0.956309293244931 0.895768181809982 0.787210689240526 0.735240816913574 0.686861578804622 0.503509324833728 0.492170654988794 0.465370699227156 0.315873585106484 0.374327280607449 0.351728738395907 0.329389119919379 0.264872090711285 0.196750524800534 0.158263971604981 0.205075176729837 0.161948349774984 0.122503591780489
23 0.036782955617689 0.0469571199949314 0.109556244139489 0.141530308437885 0.15287286045721 0.301862506701672 0.261555365948295 0.178127907310522 0.365553544176075 0.476016819730784 0.603938442882881 0.640542397824045 0.691497250647886 0.804692725565166 0.869695297408104 0.9564906453476 0.993520544449977 0.958417961401407 1.06592856200349 1.03758081920298 1.09462472526266 1.00656936368102 0.969152792237555 0.966739808168456 0.78103315110358 0.745677877202104 0.748144535161337 0.656247878067855 0.586554892279491 0.513632108491166 0.451373850716479 0.422785376093684 0.402782852528636 0.186312509978085 0.299978587880138 0.201116736729782 0.193717459312364 0.211059063977178 0.0750481674731206 0.229104095538319 0.113303651682207
24 0.0380736973686103 0.0872780757071921 0.168653780120345 0.052744007262463 0.123717108116175 0.137760139647766 0.248731556428361 0.328620095244716 0.385716718425263 0.445704998984506 0.502310299642817 0.64913822549988 0.732516872619939 0.745265407900096 0.779766167706154 0.956639858342998 0.930792912106109 0.964805056033029 1.04123156850029 1.04989246482134 1.06612637450956 0.878891259477118 0.963056938246007 0.816506704238793 0.799027942491295 0.725900072142333 0.694251063329749 0.665723068446084 0.663840588388608 0.602850140751829 0.486748007233947 0.431877998062043 0.444464913848383 0.324978928803744 0.275063081044222 0.26942190283 0.23728026701171 0.150888965346375 0.212658206500358 0.11199869337018 0.0741453515684178
25 -0.0187021381396511 0.04554343344015 0.111471549710691 0.113919992562367 0.15485538170527 0.190216443318898 0.253117957643807 0.334843561410693 0.324622630819101 0.4110477101027 0.510685764241067 0.6506645143813 0.595240175285844 0.740491967436233 0.781266858166436 0.854329228825048 0.845391191452247 1.01974590837761 1.06521935897769 0.984792987813822 0.971083977771104 0.902672943539922 0.922877642904062 0.940580358758058 0.840163371814029 0.759550393148718 0.684782127140058 0.612664148518055 0.554381350102662 0.532480783096267 0.457125667380231 0.412507669285751 0.224393325880504 0.290535024591226 0.242486322568436 0.230729808308832 0.198062380661357 0.257168256593391 0.0866199106967899 0.115719157077558 0.0960252207762098
26 0.104026299858447 -0.00309579259706583 0.139330605555892 0.130992320007722 0.206486122158932 0.209246023847387 0.275736685655246 0.266622172210283 0.343709699739809 0.400421848747364 0.394295951627144 0.466970847735176 0.621234753601744 0.693777214424597 0.83330220036219 0.916076062530241 1.02594014347286 0.948910274603471 0.954822781433132 0.941737998955898 0.894887810837481 0.910130374841103 0.928814810785688 0.840961406138047 0.88090537628373 0.746260748156705 0.669872023347886 0.72696572204523 0.597188702344967 0.538440736152959 0.488142062135329 0.378808545688854 0.391130534682252 0.271854067154648 0.259717225413408 0.246256447360377 0.193566257245497 0.179346358957694 0.143676311991181 0.138396455531953 0.206326912254391
27 0.0664970057283674 0.0570425156785345 0.0713559342851344 0.162319385047538 0.0484206319840075 0.196406932118375 0.231757519568627 0.294836777471279 0.228739275336015 0.443872753566546 0.426997451018622 0.569445423006077 0.620202212729343 0.810793433388035 0.776533297371557 0.932754771520745 1.08666503226654 0.968891655268922 1.01771871800248 1.03377461543117 0.919862087852389 0.900669936052701 0.847793472275318 0.806889558752462 0.778814719851525 0.799526894383546 0.769845596667513 0.66609910639461 0.577932500839652 0.552752694868369 0.4427595915749 0.445863757034391 0.304289675338763 0.20700400675123 0.290541820383228 0.188167429216479 0.28195221061975 0.0696184310249415 0.183229550484656 0.0540793748932541 0.060064572484144
28 -0.00121011874064748 0.11798326330862 0.102018788715846 0.162076251004912 0.119420968514042 0.12267440001116 0.181051217356447 0.201135821492019 0.259138320827916 0.370611990141915 0.457508944680584 0.614747626533024 0.568855392124731 0.718079553798077 0.775930583352363 0.808698269854769 0.914389400987749 1.00977624824139 0.94016283748302 0.989070653651984 1.01630177548733 0.950906487602014 0.924369711453481 0.929789073332279 0.799475663311145 0.828661169165778 0.565385485438795 0.609818753399175 0.594895785191886 0.61119801906489 0.473380267159526 0.452370329045292 0.407706035247244 0.295297067725039 0.314006289308361 0.290139773408464 0.216750476509422 0.146603992420659 0.135050639538671 0.0326671925534937 0.0856727730004874
29 0.115423358073428 0.0394605800846598 0.0703064238020984 0.142372363801338 0.139729650846247 0.165916241055114 0.166031192179347 0.242429340483447 0.237650924752725 0.266883656507498 0.457069062468461 0.501307146517754 0.553282290162399 0.699520841238872 0.760111860858857 0.80221972701523 0.933898011236691 0.96193841352332 0.958261770188919 0.954715969721374 0.944494746926672 1.01668964804275 0.875179242061948 0.914311145443681 0.882974824542009 0.746044425153288 0.677576607099359 0.659462898636709 0.549791178228407 0.543238081516352 0.370303030572714 0.277481051956459 0.365189020920728 0.221432626106418 0.249358745247328 0.224425879023381 0.228282127237209 0.0877020214409296 0.137469161193698 0.214138076061811 0.0352638684344559
30 0.071250249013121 0.0950240445502179 0.0867679501060109 0.0329087025615682 0.0827155999475062 0.103501336604711 0.187555090227114 0.142090363949636 0.250827855138467 0.347651774855914 0.392176128375358 0.498951103297114 0.591632524830096 0.590536910802747 0.720564989137912 0.854851391513168 0.940524285649908 0.989698234373402 1.05805519898186 0.959986732067444 0.841547975791231 0.852478669424294 0.910995015889325 0.837977361525104 0.741916326333139 0.761170185303494 0.68312653276982 0.559465044443352 0.527387560730764 0.429996788145721 0.446509533361496 0.450094274035504 0.418173448014879 0.301435208764355 0.226313892414473 0.205113834111321 0.219807982354449 0.0595177200358036 0.150507069262507 0.0944126546629462 0.0428606641332331
31 0.0325179477763061 -0.0196778858407439 0.033008936348688 0.139962086925522 0.137895120433035 0.185826101477392 0.201470670459704 0.289101257839973 0.248849015145119 0.373678134331517 0.553002494234897 0.495871445904348 0.573758539405776 0.695829159602889 0.639917240865483 0.819447462548755 0.83256526326017 0.825255620565371 0.985293454980674 1.01301145164157 0.93161497159426 0.941656718243294 0.869475653356839 0.881366376261605 0.83969315267124 0.732428722764469 0.623589981963424 0.609243821445033 0.559870068902874 0.446618999751619 0.417364666397453 0.302617843938019 0.269839590679326 0.255788115698874 0.385082540369652 0.222364361978565 0.223611083208749 0.170517375040196 0.164885223895106 0.0996364079275069 0.0900238338408602
32 0.0895143171048826 0.0552107918366082 0.00820277922965718 0.0702359572022383 0.135922777683549 0.19762638289668 0.126236856946293 0.314383631555821 0.293141080207925 0.36728769899856 0.38500487528787 0.50464677425239 0.441289402970189 0.599906743186338 0.746569478733707 0.826199969236427 0.838901212065481 0.885575997787422 0.965073945581117 0.902317314632536 1.00235847732586 0.956914370185621 0.846406862258004 0.793821942213907 0.808898419223513 0.76084185035062 0.691286277634573 0.682311740602735 0.563189397011032 0.415809095333323 0.381044842596489 0.372125105051895 0.366782916365666 0.301198670671112 0.285818999726593 0.228811296424604 0.260790619453671 0.199077871792195 0.163319354386509 0.0722547715721071 0.0842660076579534
33 0.0862856484871822 0.0809043600245163 0.169784530673331 0.0966494228767785 0.108160595320407 0.0256928594319233 0.161660179807621 0.266879463790779 0.314122477963939 0.357575189936149 0.400823511113621 0.508879742585465 0.609698813064575 0.595270784711937 0.755973902450585 0.857920077309012 0.759333830036645 0.892522865839545 0.861452637587119 0.890567361613634 0.955504583757967 0.854649303489101 0.861434633926072 0.822893688200133 0.725456223899878 0.73662935796449 0.569191044815151 0.598783225712569 0.540113397655203 0.349885049984532 0.417349040805715 0.331678037971839 0.354903897435178 0.320298718123206 0.213312684676196 0.305640591776631 0.190130975135411 0.127747691036139 0.0556982775027967 0.128482327750412 0.0724568254054768
34 0.0812062026946329 0.067100018372588 0.0963440459542613 0.0872299117521352 -0.0187281352445563 0.19262033240936 0.212275881259764 0.204023434732767 0.220092564482983 0.232902336984204 0.420282337871093 0.531239192627368 0.559566801656091 0.675006711858385 0.642683024404299 0.796399400175655 0.798491370966056 0.908223405716922 0.868078963399591 0.888156528874998 0.874002313214547 0.893888297561069 0.847127987530976 0.819516789275642 0.741764815078179 0.732566602907069 0.710906432555984 0.649896920962585 0.547585855281268 0.553921149024779 0.454065506900518 0.353441191412614 0.39065379781768 0.270443234614149 0.303655938524918 0.167077004923009 0.20411851949499 0.0985172770353547 0.13250337421553 0.150215822911051 0.0640844227134015
35 0.0724277617338345 0.0545890165312875 0.000322617988703783 0.100738108764873 0.228171624992893 0.062997548435656 0.15189715905215 0.196334919850451 0.198494463104108 0.327158445076044 0.377141509722353 0.450774252054925 0.657771930556513 0.59615595392975 0.77090452260153 0.819401952317039 0.856452098524572 0.811204326394818 1.01242809289249 0.831260217019842 0.829740628845162 0.9303143300919 0.913456986330242 0.804067171170321 0.808851907908606 0.77151175750692 0.575681024200686 0.589486571498482 0.563265525651721 0.461810212925365 0.437577665975792 0.448625259281456 0.324836519246072 0.242907248240253 0.258817534016528 0.344388122438227 0.289455737815288 0.134004246788441 0.154901991884397 0.108612229389388 0.0924231839327567
36 0.0636742138606337 0.0146790019159266 0.0290879929566166 0.0766127559349597 0.0846284316449485 0.142305917888275 0.116131221200601 0.115186183875223 0.188533540279411 0.348757493040902 0.337357279592646 0.456012107558811 0.561548484291176 0.521508293584044 0.706123533617382 0.78812479121883 0.801168545441384 0.900673263307844 0.834682930176182 0.943123091852556 0.857905787039305 0.869157152773073 0.862606930254607 0.848847141508314 0.776778952725037 0.661716702587906 0.544478455230092 0.481952018000131 0.500621094389214 0.503395232211674 0.465159798024479 0.407365267458387 0.391748912442153 0.26185193149627 0.295710640641895 0.181607603315769 0.163477221189207 0.085731820779742 0.169376092379266 0.120165853628349 0.158436561969491
37 0.0309732102307814 0.00177659472039638 -0.00269485576782727 -0.0117355563824452 0.122996424448705 0.14736761958047 0.131320260793078 0.223854323583583 0.212555381740208 0.356243150464152 0.41331419939781 0.561673106116923 0.495690191771125 0.687969947117922 0.744423497997115 0.769194008050622 0.795709435213324 0.866744877641554 0.891477062965084 0.903638604379547 0.893370637222882 0.863881183891375 0.867345383863679 0.883177044320933 0.830336809180366 0.778791188841579 0.612274993199539 0.549171252721452 0.593192846843061 0.539914748345679 0.475084892213485 0.403216144038296 0.310471412405836 0.257495671201306 0.255610420137978 0.227849123517486 0.253541923003274 0.197566265958854 0.123254765961326 0.166391865705522 0.0833295503198888
38 0.016963236653621 -0.0092661096628482 0.163616040586238 0.104920915458241 0.0999038467868436 0.0994550340617855 0.195222090398422 0.16748216691229 0.214364984554429 0.273600779818152 0.433737312175165 0.45030620572853 0.649057733920328 0.471542677018435 0.62033251628476 0.757702452661616 0.791833140134927 0.855873248276268 0.917052220843773 0.896491501097395 0.928663001266647 0.883459663916583 0.777400895786749 0.777814970046723 0.723846690533881 0.719248405803397 0.654463956166293 0.600702691443063 0.64307013032639 0.452464847872811 0.467045630392836 0.272525593718366 0.309446657241167 0.214641869444611 0.248759634575254 0.11506247073534 0.157656975353279 0.190305097254243 0.103278468495942 0.117679133100066 0.036546520178021
39 0.0115270393950902 0.0456251760197223 0.116547314275853 0.0840434638229532 0.133450760135284 0.0725283436346348 0.161654515241837 0.139185860566464 0.243874336108373 0.261553386077083 0.343763329096797 0.430048805288584 0.642328974269611 0.610362009802394 0.667734196712979 0.794183357098062 0.695627752249441 0.859696050931125 0.915284352674255 0.876301116352016 0.780071421817359 0.858397341971908 0.90814892803677 0.793382128186459 0.663163946906896 0.706309555870663 0.609754184793154 0.658330788468017 0.60375827150611 0.468564872346212 0.407007651873837 0.384167050606047 0.330383702428457 0.248728676204458 0.254883013053625 0.184107739480471 0.272544203787843 0.0809847137875131 0.0693244358937955 0.0895493413088932 0.0467442163785291
40 -0.0058040659500018 -0.00971100438034796 0.0350670432861689 0.0482836129299981 0.119312552676828 0.108628337651384 0.190923777949652 0.0957291062755458 0.197331293408384 0.345184316529399 0.366006340619134 0.345720663306862 0.431671217712151 0.624243199385578 0.645934763769484 0.671039787681171 0.822335780724405 0.820309907036625 0.910964521478266 0.845507915762547 0.921222300084748 0.827098868108161 0.835275534109093 0.871377698541349 0.796326184851115 0.664809403938949 0.610403894272419 0.552821363232016 0.504084084083012 0.490115724916957 0.354460220506538 0.403737398216206 0.2738749580161 0.276556487613293 0.269673370925832 0.25228910467552 0.152757966303824 0.128720657174576 0.100560670497029 0.113988597005768 -0.000527531120622149
41 0.0170026917660323 0.0111658186327418 0.0730202818755544 0.0644659985388486 0.0643520382799203 0.118112182354528 0.13124290372341 0.145936777348976 0.10348683706286 0.180867394461658 0.326005433331263 0.4055400786538 0.508288401828556 0.533824332553904 0.681220076728047 0.657729682974081 0.700201177088412 0.864514921407696 0.840742752965007 0.822593983653831 0.863504666537152 0.841585587172079 0.778620758972091 0.767720631545729 0.708640172395723 0.680254710281074 0.651124672000915 0.592827770411584 0.432607101030397 0.481218235278515 0.404512542556889 0.41331127524665 0.302747939734892 0.273665106362214 0.217222234908237 0.239840013302229 0.144391480338913 0.211465084489954 0.130226354652514 0.0743089274581825 0.0136599948649065
42 -0.0373220430004212 0.0210251865222468 0.0228110995478723 0.0624127929107481 0.0903511682743139 0.13636374744738 0.140246260714302 0.113338191259253 0.197146603493913 0.236203333718792 0.375002224421977 0.387220234505014 0.466827537374757 0.57989451605087 0.606163484867248 0.734707288491952 0.754133151887682 0.842999989941696 0.800456727972383 0.899298433334534 0.885057667854995 0.936437357734475 0.831137701572003 0.648706975411134 0.740310664726216 0.70283083034302 0.57767355457044 0.527372308225821 0.523445880266771 0.428560436092789 0.474697812936128 0.319587813765131 0.379331325141088 0.299676412579916 0.213660591481864 0.233992967644036 0.235976497293413 0.149886778008061 0.103848159954689 0.1209293014773 0.0613136411743113
43 0.133022353041195 0.124258517094134 0.017507485489027 0.0640649016424839 0.0209522899195277 -0.0141841434217573 0.0874874898771735 0.13106344688048 0.255662368185952 0.274992262799025 0.259977952835327 0.390931308238668 0.479601776378063 0.572243252026741 0.626900327497479 0.691517303014626 0.735070320290593 0.795658015822446 0.818956001096892 0.778519519803819 0.76740228312942 0.879895299100218 0.85357472174837 0.79944287387207 0.815550353079749 0.576726803344683 0.622535947862235 0.521420184583042 0.561770781589376 0.501198396349892 0.407850653873936 0.41313257965923 0.404692391745904 0.34629786458827 0.235901826931247 0.189019987083703 0.23145560287908 0.157956179117087 0.164653686977813 0.0703517227027912 0.0493655623438613
44 0.0836728458746751 -0.00220226656662962 -0.000201007482778577 0.132502211444499 0.108018145754387 0.00304354741765442 0.141577598393224 0.0854023903731971 0.250730768835632 0.165582588975824 0.427723681091401 0.356201458263843 0.474776018592199 0.595208144203635 0.531193293692009 0.693850744185329 0.738744032699691 0.84798505606894 0.782222627110413 0.865140493195734 0.81038053992577 0.784529593787268 0.735348608404784 0.724349365227175 0.712460886711461 0.645667445106701 0.647988317397605 0.530050422686594 0.553718876304344 0.48934928381608 0.32979223382291 0.294518793423312 0.376098300182104 0.29690427064505 0.252427468695018 0.119081259376253 0.209853497406733 0.17753814106589 0.152607870880344 0.184360815896707 0.0402395280046174
45 -0.0341110092225433 0.0405835203313179 0.00751885736378425 0.0370886258982458 0.0392296082231768 0.152997694545058 0.0821002475865746 0.226260017701166 0.146799250796338 0.255067911027945 0.27567083079843 0.344396732935627 0.393728770552348 0.560541271848687 0.574224596959572 0.720106950768982 0.815573719573644 0.803598839517451 0.851875954107457 0.796957084977497 0.815094454781588 0.76218618884957 0.883624016082073 0.713765070325189 0.797918034491995 0.700936571321814 0.701105697819824 0.634084503380586 0.450416637176573 0.445082441543118 0.433980505909842 0.449257753486481 0.297441300696986 0.352538299839508 0.22672454342604 0.156527859187043 0.194992466487251 0.187218603349733 0.0531142513410104 -0.0102417460211558 0.196660295824287
46 0.000735616962986869 0.0312155791164455 0.117921010318815 0.0541536907653845 0.180381427345796 0.130599462787826 0.0326944995446712 0.136897045722458 0.104191125774617 0.32984419604829 0.22732971671338 0.336726009644352 0.464789158372021 0.517506648207049 0.612581986278734 0.713832026868608 0.706589299955927 0.815609968544696 0.86991254801039 0.844322745434689 0.883631574240315 0.800724894286767 0.785905319701571 0.829838279602666 0.661114140233344 0.652866232271863 0.639742656833919 0.609402374057599 0.45336979431643 0.395849849181891 0.421278330254929 0.32044775551796 0.332921546949618 0.244892194110856 0.257182716265213 0.197594287440314 0.192497160959009 0.215394753455094 0.148740178792735 0.133572393749455 0.18426469786827
47 -0.00355522436640891 -0.0221920829668845 0.0308998430709833 0.102000082207053 -0.0256048496979889 0.0969889306376768 0.106615719414124 0.187467922802522 0.3000388655829 0.230848532145542 0.277395620450429 0.356314978057219 0.53190539464059 0.569207088502974 0.564471574250066 0.656377884327948 0.689858770651992 0.745852157153678 0.913796488476596 0.786942255614562 0.876908076097757 0.87956856676347 0.844651045098124 0.876385296151833 0.757846704607853 0.623574750706795 0.697919460193683 0.588864439044071 0.512869362127619 0.486125280768111 0.384954050500693 0.396706412012615 0.320248663275331 0.343372494504349 0.184995795589022 0.239091503552629 0.282219278964025 0.192921431666907 0.159285227692684 0.0885328556574813 0.224441360933816
48 0.0577323989169635 0.0209941507623036 0.0378834874211819 0.0942351184523407 0.03128899930755 0.108097030219747 0.194179394574977 -0.000144935110086203 0.164782158135624 0.212453084842286 0.297177972985115 0.429957751621257 0.430406543055076 0.557324959084577 0.591287458047794 0.647437261562017 0.646546660870251 0.848149285106535 0.819443176492063 0.791722153234117 0.841441713328846 0.822278362812333 0.78708440274839 0.697263213627827 0.719577435431821 0.627882400952849 0.631296157599633 0.611786056167049 0.534671690025547 0.523349180250333 0.411469355309646 0.37244286976558 0.250712722872669 0.304070885381157 0.167292490091609 0.248812984929087 0.106937434163029 0.0846301679263899 0.118463995416268 0.211721440491935 0.134561136278114
49 0.0135780520025523 0.0955174542541409 0.0425148903389219 0.0968429814327681 0.0934267922862717 0.115459264207915 0.133771333201085 0.103685020731726 0.163998444636412 0.245657468065558 0.366144225777778 0.408739525021301 0.424855284656993 0.464569707078853 0.563957665343612 0.660495896207541 0.675944934620735 0.762664263832674 0.751252993788294 0.900406199945709 0.894205311506698 0.767187601006134 0.761818145431152 0.796146196076291 0.666128836846803 0.6675736076079 0.604976832741739 0.531659527218031 0.5442292504276 0.518537772666809 0.469107339713741 0.301475328565953 0.324887379585106 0.213386901993283 0.332207380219914 0.190734390517152 0.128336005267323 0.134607254343737 0.129539798020524 0.100073827990678 0.0871920248802201
50 0.029477572235948 0.0446631923192663 0.0904481461806282 0.00886296065459805 0.0754556643153032 -0.0660423650420929 0.148986147256961 0.0891513036418071 0.186057215549537 0.203695097903344 0.325852360511968 0.333232081086846 0.497531893887558 0.435669946970086 0.611787667319597 0.703906941243407 0.651796770658652 0.79915303997737 0.840216102526914 0.839530568982153 0.782645898760974 0.841092314800021 0.681746509464528 0.735302630264025 0.634757948312837 0.570214541862136 0.488855145401515 0.58776230731998 0.538645885106983 0.490705684182177 0.463453486322179 0.409991857868251 0.269167817052974 0.291663110772081 0.256275558492508 0.197246139277478 0.112790132671109 0.167068259667674 0.108590754151291 0.135325047188713 0.0426121673295291
51 0.014499404779811 0.0230118131395505 0.00159501301592804 0.136114314994523 0.0183815194447124 0.12005422509523 0.105814741704847 0.0585259414861123 0.0806637549253749 0.254245725422708 0.282940732526294 0.262081254596481 0.467325022980254 0.508230670738317 0.634141916902842 0.666176373071278 0.724546575552503 0.745805681322574 0.828369409169303 0.69317397888682 0.853574154824511 0.785124687116554 0.71361875267136 0.742584971546378 0.698440170924455 0.691736658492553 0.537032687036796 0.557201240720004 0.446698776583606 0.42050190803624 0.373553074657342 0.352586453588339 0.255729128845375 0.208262217787015 0.215313405550884 0.195632934101415 0.223884798913768 0.145728665978379 0.114875210832125 0.130017202762437 0.0392602521148915
52 0.0129455975401231 -0.00125182730565297 -0.0235775610307279 0.0376711235248292 -0.00396779035522409 0.0379538170938245 0.0547351805601189 0.193907048846744 0.121462227892917 0.254904668524778 0.202056500731416 0.299484356921802 0.334972357498293 0.481212498737168 0.52904842902533 0.710815365339271 0.655201264729274 0.731026687657081 0.765490423914636 0.801160008887369 0.795785317525212 0.730662656512661 0.761773372992191 0.792157659616733 0.703272123928281 0.535994682207008 0.578940477206904 0.491233538954869 0.426765327824112 0.415697994655649 0.394793401737289 0.389991418887874 0.343425525386372 0.316110567417057 0.219958128367591 0.205626187773008 0.162670297087028 0.0414582496288457 0.0785381699158085 0.122498561860978 0.0689808192917721
53 0.0827263643956256 -0.083809075238187 0.108553924354218 0.126111736389033 0.0512140221137875 0.0715163690580532 0.0724771050736996 0.0428659979497908 0.0775197714615797 0.206095400921133 0.224118845665908 0.314342331120762 0.423997078347887 0.440504398404546 0.549448344489039 0.633234735503349 0.707907032495123 0.778565882494034 0.693907621942634 0.766782072909594 0.758949790115735 0.804746409068357 0.800520937471565 0.7373447320187 0.700346244052432 0.615586092166441 0.627163006880917 0.499135691325229 0.389093548152867 0.410509114650772 0.319465456559713 0.35814842034376 0.270155354303359 0.240373572410507 0.272011106080244 0.278556103325597 0.167562743824213 0.111749101083381 0.1494998904073 0.135466449802811 0.15737907850998
54 0.00225718810740973 0.0744547703369016 0.00150005389076675 -0.0362604210294303 0.041491656553086 0.0431231045749777 0.0664806990471801 0.126744371796337 0.116708620400748 0.143565917177104 0.255314510449057 0.338100158003701 0.490589758489963 0.48901660381749 0.631577077506513 0.684505546456681 0.679880951916261 0.654581447631679 0.804383635555389 0.727182407294413 0.833315632698417 0.852967242266831 0.660404093549158 0.679769321402938 0.709328767674363 0.597749368213315 0.57212124821934 0.540222046704661 0.51231525970287 0.416957194348991 0.35370905637827 0.388845484147027 0.296762731650607 0.25417669579333 0.221046105247745 0.164334622579385 0.262344606284297 0.199625131281584 0.0663516789226617 0.208879709576037 0.126207616405557
55 0.0886588458260252 -0.0560580253192673 -0.0137417194267169 0.0309275581415978 -0.048997663599223 0.0994818190610969 0.0543831277273908 0.150475222202367 0.154271986069611 0.133082509204884 0.387347325519586 0.295638053144563 0.474181699716087 0.414018480427397 0.444585810344257 0.667124338524216 0.610158640888679 0.752325178228998 0.817407858980344 0.789246833898678 0.851122381422041 0.793636417568206 0.818688649303257 0.694552708010707 0.655523831077806 0.571076100796273 0.612162119798533 0.545060904612848 0.525847666229242 0.470670248374574 0.4884521653459 0.344700141463847 0.25370388743209 0.230636001571823 0.239982532022953 0.18940984434926 0.143349293217192 0.156047026079953 0.0974258970818262 0.154836046785763 0.136892672065748
56 -0.065274800477108 0.0531061150911877 -0.0404879194715794 0.0910416967349884 0.0406409631509671 0.036563930837696 0.110816119826797 0.114518172837261 0.0771972916299866 0.166081992189348 0.163052878848011 0.425106528119588 0.420075013195206 0.483429374164751 0.533629532950541 0.648469793386469 0.637071264401046 0.742800150499287 0.740937222409302 0.780097878407932 0.820987674390669 0.776742166648774 0.815360746273365 0.74817216031542 0.649078280171992 0.576049062851324 0.528556017293442 0.515799958157089 0.498631742394179 0.445719277781928 0.46090024786376 0.397586414697397 0.303622425066371 0.220643651839843 0.215962681463831 0.202568271252745 0.272566876828088 0.0737680454084346 0.0806274316181051 0.117736384267689 0.0825976604004932
57 0.0407569669517821 0.110744767380318 -0.0439383496672268 -0.00847857735973697 0.0469049016507825 0.0781127293793948 0.0136377606379103 0.0594211517856534 0.172165025247422 0.232476904053617 0.309128380035435 0.307309214096161 0.430944275892868 0.439615317759907 0.648085356932347 0.633624642593564 0.715746459174407 0.583185095241725 0.777351233938036 0.752110233347524 0.746696086904202 0.729632214864057 0.683803456939332 0.592914782017825 0.682662161634362 0.638925896075094 0.564840004569301 0.479159389359523 0.426303079607911 0.337788952800556 0.372512442208333 0.322437877950219 0.323888883948686 0.347008243902117 0.20295900509159 0.130708790740869 0.100086748863997 0.157448031064014 0.0821272005563472 0.19688601903908 0.0138104583872906
58 0.0171164253434878 -0.0576805970278617 -0.00937507152511485 -0.0115471161848929 0.0446882205541243 0.0309441753118858 0.114825203740891 0.147931143520794 0.154489271179014 0.0917041570809343 0.22286107123647 0.25651400912151 0.330981131628408 0.514350382971755 0.649890800060386 0.594045670571681 0.71165222905347 0.731309629055738 0.731690842336904 0.862196479390475 0.74384775964168 0.786236596933562 0.760203254276266 0.760373558411079 0.6399373760429 0.616948857991579 0.586228638821894 0.421582184626269 0.55508755800011 0.335303713220164 0.347342753302942 0.364646061591367 0.322855771422637 0.310148967492187 0.256974940662199 0.150566816124727 0.235587258927565 0.137976205634821 0.106612564773507 0.135993059267787 0.10735340611162
59 0.0211504003909835 0.048869039223319 0.0493006133730528 -0.0219731043548354 -0.0181660868192991 -0.00578399485239985 0.112812812120878 0.107198847570393 0.0922840883048742 0.0924284110828438 0.3292982021477 0.306568253540402 0.401910977610425 0.583477012505273 0.543528176150998 0.597858239754719 0.761897519506349 0.599513517169337 0.77464273268772 0.646238415709968 0.831468234098733 0.69972767292257 0.680583753906438 0.623203505417442 0.724222956355221 0.604447112710371 0.55427182474997 0.544557347721034 0.455658515066458 0.424935598652238 0.311640733447924 0.355457458368234 0.242432956666979 0.292985515406839 0.232784252189274 0.205633546314712 0.184993199651709 0.178768289251023 0.100148455254523 0.138813221167593 0.0798461037963828
60 0.0287953585234459 -2.52097796537617e-05 0.0730202475063075 -0.0287459848972744 0.0570946787025827 0.107814312248903 0.00786452938729511 0.043393119535255 0.146394332721485 0.151303208675779 0.185936598111176 0.25990733750713 0.335383678703567 0.412337497152788 0.488124904532043 0.610164622271244 0.656667845049288 0.736067948863859 0.729795142118513 0.795777688959625 0.775546299468647 0.666102809930462 0.721739481092339 0.698655856186099 0.668254767706995 0.50003917966089 0.574775431881848 0.505725986145402 0.560603010042162 0.431336093618376 0.484295089844491 0.376981358958239 0.357575513059835 0.261580470041427 0.289651304453821 0.21598197295062 0.148553716224239 0.249771654008029 0.0887871608593053 0.168014297749499 0.0749246299881637
61 -0.0158139015776909 -0.0661807105755389 0.0520799656322546 0.00100373074321567 0.100986403198126 0.0828943546253787 0.0980479911053604 0.0251607369014406 0.170170077328399 0.201070655826578 0.247091582121556 0.314647299908978 0.356525889009872 0.507020994980473 0.535299188074434 0.596633001051921 0.577386107165549 0.675620543565838 0.713645688830787 0.734688036003514 0.79477443647246 0.74215865835921 0.770220520832259 0.684086505074663 0.625111183726086 0.546483243257884 0.532518229757225 0.545166100440761 0.496726999081768 0.306244506207793 0.38175896496635 0.3020077355684 0.367809541888315 0.293399122998737 0.167148942366238 0.250646912749327 0.158493352385135 0.0679209136345018 0.110491139940096 0.113287225188249 0.198879443471562
62 -0.00784192932754996 -0.0639300406480365 -0.00226588924584866 0.0384558745007172 0.0537026781338819 0.130671077785776 0.185945128672702 0.196985747861678 0.183607923627898 0.13313673735718 0.182056533262031 0.315296910165908 0.422640639777948 0.491508252200556 0.490217087219545 0.636947322174553 0.609185038970587 0.658898792251939 0.73176361160354 0.777312709247392 0.731818758536521 0.738222205625884 0.763044380008589 0.754348264151729 0.56189544042539 0.602789024843976 0.581722853606546 0.437655753527395 0.526198267446426 0.378591733521888 0.34437908443412 0.34022769017523 0.310303864588152 0.288359246221999 0.215518395435384 0.169376732596408 0.233240192208439 0.117738965640756 0.0432989083038423 0.140978361960135 0.132705957856273
63 -0.0425683380827868 -0.0688634826244304 0.0181622835035169 -0.0797280599346733 -0.0269958858638607 0.046393436248658 0.035011711597117 0.0568980995565174 0.117791910146069 0.22071656885826 0.279437800705786 0.318277055845306 0.315556830891685 0.442960221606387 0.591429479067248 0.580016746307543 0.663552134624356 0.688719577527004 0.707395128694271 0.717207205249075 0.807328376018917 0.8538874898754 0.673058866730754 0.695271188632483 0.616459092792297 0.562139875560107 0.555930159805798 0.449548988420236 0.480758206318024 0.418604438029202 0.42604271895852 0.300629654127949 0.298039367570873 0.334148898259253 0.210706068207265 0.264382359294423 0.25064276496115 0.135334200328065 0.12748000372299 0.090454556053947 0.0773540517305336
64 -0.045662698132322 -0.0158906490937026 -0.0207580540514869 0.030714688857762 0.00695047974758619 0.0981291379561707 0.103630529969221 -0.00369981246256133 0.1217227590028 0.190706473125568 0.305777761426969 0.21638855556876 0.382390468232475 0.420107794001478 0.474495676908827 0.577754607136684 0.733745479217621 0.753213775336445 0.687473637865332 0.705703143188773 0.699423724690824 0.670555246870182 0.692124333385544 0.687101702765735 0.747383492629105 0.5629216024068 0.554634313690307 0.503937167076504 0.458559885058449 0.4881440039946 0.315236368642696 0.373375913230485 0.292549078060594 0.295182080365587 0.166290825202229 0.147490414835493 0.0806947913098044 0.0347462470877407 0.152908002315322 0.109897892659381 -0.00684265218620704
65 0.0226928606775188 -0.062962061888983 -0.0220550785041921 0.0811277311092347 0.0450406737513222 0.13945522341509 0.0208582795961187 0.114075067070116 0.12012363037222 0.163254736983108 0.326545506980345 0.305597076821676 0.387201218937257 0.517971790437935 0.529590300699416 0.552938325729887 0.639935186468034 0.64837368734862 0.696759814049987 0.645433070818358 0.766773555092487 0.735708824803153 0.658633164427369 0.71312821922267 0.613519007304595 0.651985724337767 0.456577120578603 0.436173005823226 0.408748077331527 0.312255287181255 0.404633392535215 0.294426930708004 0.300085111669695 0.241085707768564 0.268811891355266 0.109940501410733 0.334843271355464 0.139283552602744 0.0565516517207886 0.105118503432394 0.0735552232830994
66 0.0295383786208808 0.0440206979486149 0.0574075114013151 0.120393693019797 -0.00556337610445481 0.025474151773696 0.114153507333426 0.10133066896317 0.194667227563914 0.210562120003146 0.266399243616417 0.307255484698599 0.365362490513445 0.335441278442878 0.538151429077939 0.566204126347157 0.687231446159316 0.703699618650886 0.707751218042484 0.7160990366258 0.690349061342177 0.763258094178772 0.720448696706691 0.633126685307809 0.59626581025399 0.605066077630324 0.517387846313381 0.40499729798767 0.429050901291451 0.347985874503262 0.438451174667547 0.411201328038055 0.304564063651955 0.23937330727246 0.212440481634147 0.0914958800201994 0.291860630571008 0.110478023913174 0.0494457015239278 0.0706327410848901 0.136966674906319
67 0.00941028637349454 0.114156047030996 -0.0382022646450062 0.0828352279192581 -0.0819920237791971 -0.0276797107272709 0.0698217346997101 0.0166043566817164 0.17705843648796 0.186953832033704 0.316276838739627 0.217935882141017 0.450646297327467 0.400149271093906 0.465582725314839 0.565731236936706 0.664471243635463 0.688579641881506 0.714202845561314 0.846189331465745 0.603836031192163 0.771426184854489 0.621591350006841 0.660976466786069 0.667254814567172 0.540900884222079 0.473668302205516 0.540676921818643 0.452240078348914 0.35461713775716 0.354014335054681 0.362446843200726 0.291128179281866 0.225444743020959 0.147430501791877 0.243046367521692 0.135876913795994 0.251212369488809 0.231097960905345 0.203837791546106 0.105650497951117
68 0.0525252493288062 -0.0556500067349591 0.109775886218647 0.0549148686646042 0.0692496423146833 0.0254725049555288 0.138698503221533 -0.0143086316372694 0.160807579381775 0.143230395983762 0.284109315546738 0.334100439497424 0.30542285864007 0.357144594755422 0.542414910705955 0.449609504628989 0.563591951160459 0.608342701029568 0.776182878722066 0.76747650468581 0.655626941999008 0.714298826975668 0.564194373629565 0.72598141438812 0.653245776557709 0.566492446859407 0.464967622084064 0.543913124644097 0.466335365301665 0.415291394916323 0.435214543385588 0.320592279090513 0.31553117716206 0.229399375536565 0.186005640732702 0.20214010492572 0.158107922686159 -0.00716702772202826 0.130874039699318 0.0736486840600668 0.100179307104954
69 0.108586477280179 0.047663206566069 0.00695879758449367 -0.0699244628734768 -0.0172469674756156 0.0257601188918587 -0.0180170425591873 0.0756299107890619 0.10307134504819 0.175147248912414 0.212945193045249 0.322959987230137 0.383929454305922 0.495509168233859 0.458899997778797 0.493256160621993 0.609441294615889 0.576131074426049 0.627457152950626 0.797565839198694 0.725450704289206 0.673656481468131 0.765307334461028 0.697642283483542 0.665367321019419 0.572543116238887 0.517685563829266 0.444763843587879 0.448223846960027 0.420967088303832 0.392867964157102 0.379947288238403 0.264613385496175 0.234497453662618 0.159256526750426 0.179433336196045 0.127338122785119 0.212446155809871 0.120962069394323 0.0832957022673084 0.138395366013084
70 -0.0187813753020439 0.0463256791791602 0.0216934833861244 -0.0142930595706127 -0.00522057327139145 0.0431155203080746 0.051248905913756 0.137080149747964 0.134516032770539 0.194100584510664 0.241214004849726 0.396226251107822 0.346334634172029 0.413040293701543 0.524340123293462 0.55414619498586 0.679328370515549 0.559480310458681 0.681230703493104 0.755385651429321 0.758692429257005 0.703558460844676 0.801685643125762 0.596094695674261 0.610522025807563 0.549660755031133 0.531488587190089 0.480070931425553 0.438655946800817 0.386308346791506 0.325001934760287 0.313777909220387 0.336439499680701 0.306228352973036 0.2653943511068 0.170336922049375 0.155058325805795 0.1877433745645 0.107783943147573 0.166799306458273 0.0772591693317574
71 -0.109983687918753 0.0241023487589671 -0.026441408135557 -0.0024173650379644 0.0979215475464831 0.120260773477407 0.0264005739272533 0.110638180436365 0.134495401146522 0.177738034335563 0.166654388018328 0.286645153426474 0.334969638220083 0.393245578055415 0.544263291776007 0.540847329714313 0.654003528179155 0.682661981105262 0.718699343722639 0.762752936442255 0.622938980886307 0.79990646518171 0.661493532553281 0.688201748136611 0.677217708303979 0.532385544567381 0.550879341677611 0.434405880876762 0.454414809446613 0.319657932007571 0.385821695243559 0.344550608111611 0.276667077966789 0.127426223276172 0.339507985797961 0.263398699763717 0.19589861707237 0.173407463568357 0.141751719355481 0.0990437254675443 0.0679907759858657
72 0.055481998038463 -0.0432877497028358 -0.0186907766882137 0.0497945670220288 -0.0166751527567448 0.0174947073050589 0.0418646786732085 0.0529601559074512 0.0607823248141318 0.125284507424728 0.203951256019532 0.278778804864067 0.368514320653338 0.575653388809521 0.436677389792119 0.490474218943858 0.629584264376889 0.649408590606041 0.771190460097054 0.746636348927195 0.643936416540365 0.723167811645562 0.718570277208379 0.583891319997469 0.559147261176411 0.574935558971079 0.588454797542961 0.504375146856792 0.416723838855055 0.366691924486803 0.320055696226617 0.341187145228136 0.189353890533236 0.207518937738485 0.177605857549999 0.243216659981936 0.163275385543153 0.143307888421708 0.118394497853509 0.157980175040333 0.0721559879721188
73 -0.0305297494288403 0.000816439051638165 -0.0562545708627607 0.00879731293400062 0.063658806921601 0.0516486188545247 0.0192756046051753 0.0347232857849786 0.0250410528933135 0.199265320903769 0.272278867891849 0.278967654777122 0.291653395192334 0.410986510707464 0.538232834021098 0.447409295281264 0.626505596751802 0.739778087192462 0.700408948302005 0.72126333889819 0.79078265816451 0.592959035523046 0.676445544673407 0.619353657162161 0.612054285404566 0.611547235585929 0.553325021093562 0.484537305364859 0.413863081859455 0.368153801025461 0.326769015417246 0.334329025031783 0.270748240624911 0.234741265857583 0.20561501540186 0.132050928203623 0.166913489719396 0.0997453160243433 0.0886530350297468 0.0687076124775164 0.121155552516083
74 -0.0297208213957501 -0.00755460356031522 4.0165288934628e-05 -0.049361501184369 -0.0422890547491243 0.0208486525929999 0.00813212087209408 0.0888596927121616 0.142190415944327 0.21252826686266 0.236373174745255 0.275383900762284 0.274426611076958 0.38840029431107 0.455151336682911 0.52579592513646 0.574392262467309 0.672091207234463 0.67448996238601 0.664415174771529 0.676950755611046 0.762546413158054 0.74687640617707 0.70634423606779 0.576038500947111 0.582815436604658 0.578942391533204 0.440033381082752 0.365607539960983 0.38402073318012 0.390385494200112 0.281748176611914 0.296689136156371 0.176003419464088 0.22315405251066 0.111770615429309 0.230463672141071 0.189888548439215 0.0937440682816049 0.0979375802120747 0.0705402906597641
75 0.0557208480462716 0.0343078709083232 0.0297471669452865 0.0973088411812125 0.00242181315228618 0.0325258388905804 0.0778710514300879 0.0820931730751581 0.0323256845273187 0.167124649622035 0.230311165301849 0.177287214892959 0.312859984337881 0.42273973831792 0.491199182735057 0.572774471914417 0.529360772805674 0.682102210178463 0.6559178816587 0.662987814655299 0.720062300855118 0.714626469393242 0.697241414147291 0.529804744094433 0.642057115376875 0.558473853144212 0.499277298287063 0.44229811020807 0.478454189333826 0.473278671550526 0.326094315358391 0.247462930538649 0.334451634174725 0.319909292871348 0.343561912516616 0.23467478340312 0.0455442403551353 0.0896448494622901 0.0975659037620437 0.0855395758189198 0.121602710733891
76 -0.0100210653148583 -0.0127540913909256 0.0246451456001438 0.058197431558554 0.0159043159993796 0.0465107116544211 -0.00629473853906192 0.104673376378332 0.107614809682322 0.158996162223834 0.153724358029392 0.184025006701224 0.422713123156731 0.326540594024972 0.483482979983042 0.625401613433785 0.656521481280953 0.702596555213626 0.688176120731883 0.605728951426044 0.664601938571234 0.682186773343645 0.676123404950655 0.549994030797663 0.611318790064219 0.584903071201431 0.50747437626862 0.425424565306978 0.436249821801686 0.356293204745793 0.346874046103218 0.224353207345617 0.274580491543069 0.226051577484833 0.0906162050678325 0.207534032040532 0.130384068203588 0.167999066430732 0.098231943033711 0.0491400386475011 0.0217605803998027
77 -0.0570310356089875 0.0544413219381006 -0.0309958267285081 0.0240635624009553 -0.039389488393381 0.096555366798117 0.121471911356734 0.0524010724808335 0.118827140684791 0.146537685874863 0.173643520878134 0.261627510157535 0.335508482043198 0.426746384964783 0.448994500262901 0.53150925235452 0.517209902530854 0.607149464560734 0.713123778227542 0.681658427156362 0.672229511808531 0.679271244612566 0.572420928450672 0.700629287692905 0.657128090752728 0.60226080322248 0.574417619795378 0.49788369835538 0.427499064508709 0.391954768702895 0.39727659826435 0.28405574090354 0.173194315073317 0.18070454885809 0.18032676614091 0.15305272746726 0.161399789352391 0.152725228642313 0.0760587275086859 0.0819419510902529 0.0192007556594166
78 0.0128686087609196 -0.0133970507700572 -0.0316808684105956 0.072683787039735 -0.0132070563635037 0.0355779301481163 -0.0128191139052006 0.11620063559457 0.133334674485837 0.256963343926152 0.163925335120525 0.234424272789585 0.346938193291224 0.394744178582147 0.480773984389882 0.604833986848871 0.537795297847932 0.654044627832055 0.650731700886108 0.723135996481079 0.687768125999531 0.669007988896494 0.712993747803482 0.591464367171969 0.701416324652114 0.552613490732709 0.517531147183603 0.502168194303226 0.392425653178445 0.350893750289591 0.284288546826986 0.339456632385683 0.269074961573541 0.190777889490102 0.144848671642644 0.19752754890119 0.114250713915334 0.185740967219758 0.166779969140009 0.0638585301549884 0.0887095565927809
79 -0.00333183423011673 0.0577206614536606 -0.0176732794643034 -0.0555531022491462 0.0166004662526819 0.0645504705694832 0.0507989888369141 0.0287710987134186 0.113479445404569 0.161325265922458 0.220252715266249 0.264235360127356 0.318569267514408 0.420349045293722 0.402910932920367 0.531116691558863 0.612754194320449 0.668378253936899 0.664408448359089 0.726022427021864 0.680237404561014 0.685691483209734 0.63780132078571 0.691059446250145 0.602396434718929 0.579524760349432 0.430788607835386 0.490010367447496 0.414888193952562 0.322186507101661 0.422584080289882 0.291820495266557 0.207516078521042 0.277793051137246 0.192576653339697 0.0756513658187327 0.205684959304745 0.101440991824575 0.117200165178409 0.139011085492489 0.11994801431735
80 0.00372038359805583 -0.0476076447786654 0.0819423924838749 0.0440537153520236 0.0511131216984035 0.0672751377553144 0.0716795562504892 0.0528980654621251 0.0662705020992423 0.138252897630802 0.149338434787659 0.154004465899965 0.349328025672809 0.345221899693326 0.454736314258199 0.529579264238506 0.514806903063913 0.689847947821241 0.66340352543438 0.675478924281915 0.666379723291015 0.64406823087227 0.581696557947165 0.617157742608524 0.565528434647314 0.496571726657014 0.469821205093836 0.426626823868993 0.370756813831099 0.414041459143011 0.443179285583492 0.242069091328899 0.217322307511705 0.326444997530694 0.18913799181616 0.142668573012637 0.129596315798951 0.101561630378149 0.0732928026552137 0.0811088496653413 0.0611367885632201
