filename
dataset name
Wavelength explicit
Intervalnr  24 
661.375661375661 666.375661375661 671.375661375661 676.375661375661 681.375661375661 686.375661375661 691.375661375661 696.375661375661 701.375661375661 706.375661375661 711.375661375661 716.375661375661 721.375661375661 726.375661375661 731.375661375661 736.375661375661 741.375661375661 746.375661375661 751.375661375661 756.375661375661 761.375661375661 766.375661375661 771.375661375661 776.375661375661
-10 0.0131099478974051 -0.0970509713498326 0.046846229962176 0.0486339171818101 0.00081493648706387 0.139298051215134 0.0526212720936405 -0.0634847788238137 -0.0247355095646035 -0.0398131608660872 -0.13595020281612 0.0319988192451135 0.00650385540734874 0.000461893961263852 -0.0560739012287695 0.024633677288996 0.0687206448787351 -0.0554619231389308 0.00427348835007422 -0.0437976162718386 0.00216954136897902 0.0595429392538946 0.0661995123202119 -0.088293768303598
-9.4 0.068529366666501 0.0486720327241367 -0.0186838075656001 0.030957289289077 -0.0209778123055464 0.0402359237582142 0.00799422491671178 0.0323604597158562 0.0426966079273353 -0.0386042996112448 -0.0207317986771246 -0.0494265866250291 0.0573975925276397 0.0147889665350507 0.0956133090197216 0.0472212183721533 -0.0198405686779396 -0.000198455338829071 -0.109589626988178 0.0119593216390923 -0.002754616874024 0.0189954257840928 0.0587173521942861 -0.0164384469338091
-8.8 0.0308036972212426 -0.0802732340216489 -0.0971434507379955 0.0692722912838489 0.0238436271005523 0.016558361035571 -0.00946314053694154 -0.0163422654395396 -0.0480669676422906 0.0170734829653595 0.00817464582652973 -0.123041260951598 -0.041317728869185 -0.0372419916426462 -0.0252869199225843 0.0396057205327982 -0.0777901521759532 0.054952717194598 0.0311359523508548 -0.0272522807311959 0.0180685406693336 -0.0554749295046619 -0.0272076751186204 0.0438629174418155
-8.2 0.00934356399366754 -0.0255805385172101 0.0554883197824652 -0.0743634491019453 -0.0267038033256048 0.00115275406174272 0.0472598207423282 0.07098541292036 -0.00854518294427869 -0.0543432113434667 -0.11231745981153 -0.0172720712186428 -0.104118902898311 -0.0710900129184512 -0.0299123761876586 0.0646745468101665 -0.0173643311516221 -0.0387677300781229 0.000828749980313837 -0.0403744352124568 -0.0312799099488542 -0.0157896814880793 -0.0673732098537658 0.0505132897626328
-7.6 -0.0426824926116813 0.0408407496582388 -0.0152598421605554 0.0319601719832318 0.0746110720195751 -0.00652820056425742 -0.00266832766786501 -0.0125812867609754 0.0101089938277972 0.0620523651333997 0.0651607115539825 -0.0727157050662964 0.0290034197320961 0.00683769476601242 -0.0161483304994198 -0.0914408326135424 -0.0434130381811649 0.0261510528925612 0.0185633213620527 -0.0376090952224495 0.00652930692659652 0.0282596198119847 0.100059778200433 0.0789255864007566
-7 -0.062225673592034 0.0132576940117963 0.0103517095452787 0.0187403203560363 -0.0104803207377754 0.00418481187981399 -0.0514302077175359 0.0118556890927208 -0.0482852783576566 0.0278548019101094 -0.0271085678609501 -0.0142947373182148 -0.0947783030795641 -0.0695502155177662 -0.0944882469599025 -0.0406776311240378 0.0284589020155255 0.0246933787262312 -0.0361240451738461 -0.0113245791207685 -0.00606353320254565 0.0627521124121541 0.053528369512879 -0.00304695630999573
-6.4 -0.0327296392627315 0.0335518336858191 0.0172954839961173 0.0185297820096411 -0.00760691165279419 -0.0199329840857014 0.0535326045413204 0.00200080913555938 -0.0591231906690734 0.0352395546394459 0.0568926420197698 0.0471238514939083 -0.0129598821578766 -0.0538656701426849 0.10779606082018 -0.0385228164503428 0.00487336871720075 -0.027108079205997 -0.098467897840557 0.0199260353481497 0.0763935708871025 -0.0975194212235964 -0.0402045842566439 0.0378816089913431
-5.8 0.0447310365184261 -0.010646332309847 -0.0382560082352011 0.0316883462948816 0.04629894331333 0.0221644181682734 0.0268746813626354 0.0317916881412506 0.0672510908791406 0.0115434476486766 -0.0242648489526666 0.0325078157995658 0.0710430684349831 0.0161863855588686 -0.0303206799092739 -0.0149645679603562 0.00975503941464634 0.0367546613620064 0.0306624167591013 -0.0608496665094439 -0.0100096391905295 -0.046130662883573 -0.00583997268716263 0.00235988571777483
-5.2 0.0257255829937564 -0.00139364331496504 0.0523050167224711 -0.0751104005394087 0.103179628656387 -0.0795962348900077 -0.0506086843117169 -0.1119565494445 -0.00719633038827526 0.0379213783269467 -0.0769590756452012 0.0533187550060473 -0.0438267917317385 0.0160505341450902 0.00119578654250171 -0.0110588677238909 0.071568849605389 -0.0257585517222769 -0.0308176934846362 0.0193792083733893 -0.0482331460669116 -0.0160866774533178 -0.0102335423976874 0.0195685090616246
-4.6 0.0584566004401719 -0.0681111379568938 0.121817730069754 0.0301922866001997 0.0221933237046028 -0.0331797393824148 0.030967294704592 0.00464160729438221 -0.00139048071016028 0.12242866067631 0.0361693727179273 0.0222487123338887 -0.0633565173272487 0.00377028196915816 -0.0241494226516069 -0.020118192005217 0.0347765052310909 0.0355649167703571 -0.0843617978769547 -0.0825894834199306 -0.0777921434397468 -0.0112805544144579 0.0101268710471378 -0.038579484956733
-4 -0.0351598860864205 -0.000846966626376878 0.0779168110790606 -0.00461576886440879 0.110094696078398 -0.00737414308908961 0.0354719517360058 0.0139845200276914 0.0990557818995826 0.0281828391681951 -0.00782775623321336 0.00921319837728226 0.0125028720431425 0.0429849162989081 0.041502158150049 0.000996747737797056 -0.0281204675417871 0.0325933754990006 0.0953133233203699 0.0112640453689086 0.00852355779747064 -0.00369713468403088 0.0449143369894154 -0.0126564245833473
-3.4 -0.0422038171368537 0.0471361237305731 0.0332410197139443 0.0208897846682305 -0.00398835513248538 0.0265737679835057 0.025363888256431 0.10769126085697 -0.00396715139400524 0.00436239226420826 0.0156849948325728 0.0961961800541495 0.0250860825452217 -0.00742836923280346 -0.000212162223040005 -0.0378449082825722 -0.00218525748457473 -0.0309541285128225 0.0337998853755907 -0.0125153905531537 0.0024118171180013 0.0512356079619381 -0.0382588750475787 0.00605105302127384
-2.8 0.0498798600165624 0.0172008397562881 -0.0717904088129485 0.0114311054166035 0.0630303038994235 0.0929456850016889 0.0929004934977613 0.0691813401413482 0.12539245388474 0.0283439902802471 0.0317009975987765 0.0467072115481497 0.0081583798439416 0.0194510337698484 0.0671241320174658 0.100887212301891 -0.0125587473499389 -0.0321099459884701 0.0101616525417782 -0.0576147544849754 0.0287233069993711 0.111048307831238 -0.00235472389918178 0.0987416192019942
-2 0.0619213149232963 0.133522321990889 -0.0582737922132497 0.112553342075267 0.0956838131723605 0.0714625146251615 0.256121386428345 0.141732074947646 0.0796876211082717 0.23710540573871 0.110748263944874 0.108573608362227 0.0629084117906205 -0.0249115069582198 0.152121461875544 0.0184870161699944 0.0763337912103384 0.016335044619496 0.0584752288422414 0.0174479700077296 0.00392657868487564 -0.00748514774184227 -0.0312147328257483 -0.00248232491502118
-1.9 -0.0157620438986772 0.0339621507820541 0.0832192305535033 0.132381093572173 0.218250674745391 0.162605119393218 0.20120597846364 0.182909074664134 0.17946937525594 0.147998386521396 0.0977328005463504 0.132519674126913 0.0633109749023884 -0.0396765428208964 -0.0487241037073243 -0.00695272745104165 0.0795058341940322 -0.0474721375921404 -0.0811320580784397 -0.0368009937072321 -0.0906953308487817 -0.0481461174734555 0.0487358037545908 0.041924153947569
-1.8 0.0651256002167054 0.0858276819548605 0.0751141498029861 0.0825602349544835 0.103987246483147 0.166411229368315 0.282671932608958 0.173522737192934 0.143102912709458 0.191232709364133 0.119491784516765 0.0798467265479556 0.12596747146213 0.0299058947720653 0.0100412401207406 -0.0235561271141088 -0.0465668748042839 -0.0484377791483018 0.0279937641725805 0.0375209691927541 -0.00719396825493623 0.0137250284134209 0.0851168110725507 0.0207861467796223
-1.7 -0.0357481781501652 0.00505779191569943 0.0588703253451165 0.114638294424615 0.264627939652221 0.215767112918602 0.265470324723961 0.201666415252438 0.139614102626132 0.159624827926511 0.137166298544599 0.0816712509497656 0.110618326501282 -0.0277697354479947 -0.0159131600813804 0.0125762988390258 -0.0664865243586401 0.0564378128692897 0.0051367568254288 -0.0597441879463642 0.0764036054763586 -0.0172786477513341 -0.0304620972383366 -0.0595905088529672
-1.6 0.03190287849233 0.0189617466421278 0.102415355369926 0.19322356588951 0.163586583001632 0.171514420111384 0.176506293166206 0.209577574580383 0.23880542988955 0.161284200142961 0.221880420855027 0.0511850276551964 0.112499715767701 0.0629858118117911 0.00439949611331756 -0.011581295762852 0.0773339032222213 0.0593446940104241 0.00023777334875377 -0.117107169209176 -0.000979582814531502 0.00603199919843355 -0.0214963972178396 -0.0808761562432431
-1.5 -0.0174417379639254 -0.0127116115737342 0.110610481893499 0.0150380559614717 0.156316349613496 0.247793684150429 0.226732105949549 0.203713212426417 0.303123962314276 0.199580390983697 0.118931697290479 0.128858337739973 0.0399301870089836 -0.0621391231262338 0.000291203457417896 0.0107425690734802 -0.00159574444251568 -0.0148527654378588 0.0287056812705264 -0.00735865884458369 0.00189618826412714 -0.00808726233089168 0.0261604300049462 0.0495710446663774
-1.4 -0.00241647532380779 0.122542194658581 0.103591020552383 0.135978912612254 0.144058733755295 0.194287236502528 0.197202032742644 0.297440628090651 0.281739329853555 0.264806550940485 0.238120330604766 0.172058793879591 -0.00184065217479082 0.0790956560808582 0.0968304046800442 0.0154038626048257 -0.077489172279795 0.0460337344248671 0.0189255229977501 0.0104135752466559 0.0538542851930324 -0.0368118920965417 0.078069035925377 0.0547982729023182
-1.3 0.0201760409762446 0.000277801350108436 0.129790171445425 0.230895457041514 0.14532296246335 0.255136309923808 0.270204080916876 0.237648003413168 0.249344722210363 0.172769769080266 0.215166328988752 0.126999401403582 0.0769994653964575 0.0076344896290358 0.106419590053865 -0.0160524778260313 0.0180853856235064 0.0115910516416528 0.0223144032342041 0.0253728600559806 -0.0223633559204405 -0.0359056148055032 0.0294575796274065 -0.0897041707496277
-1.2 0.0646171911299598 0.0304050700700163 0.217402858861611 0.133557142241771 0.193872668126542 0.283777201566742 0.269723029787163 0.26374036261354 0.259163761714435 0.25504835034994 0.274940227142541 0.184273631563523 0.0317157501686205 0.101047736545048 0.0497499339176422 0.0680296133648328 -0.0377818288138959 0.0167077009475062 -0.0191327132404681 0.0573016507168661 0.0645368105092354 -0.0839389208360161 0.0116684446512815 0.0291906380084931
-1.1 0.137815730642127 0.0764201097112263 0.078851834498751 0.124199089731559 0.183069967574877 0.212642438665846 0.320758997865224 0.310627570618837 0.257272872831495 0.320526249813315 0.25400731254659 0.179062366643323 0.151481481496205 0.0115162409594999 0.0334522936614535 0.12669538942152 -0.0324492230178387 0.000307630195705827 0.00358923613744684 0.137900024214123 0.0167243028576963 -0.0221749749897848 -0.05584696974621 0.0664743110154047
-1 0.0921354809127449 -0.0488837139430152 0.0911033746736499 0.187197097773535 0.251898177103867 0.186368340674343 0.306877433003338 0.371850880027733 0.381662316132073 0.289809931463031 0.173891397705027 0.20902069061033 0.0772709223483061 0.0430531257785767 -0.022390541932784 -0.0598744530915815 0.0153671097309694 0.0774627892300294 -0.0568884980300218 0.100494998196517 -0.0282841490578691 0.00899027551566877 -0.138753842602836 -0.0734508436064557
-0.9 0.035938396395206 0.0937612775028381 0.070260269048857 0.146623862196807 0.293568334286081 0.277613432970273 0.319616915201888 0.388168673199613 0.367831461954245 0.386610035053502 0.210187729557867 0.168909090027322 0.10223394178481 -0.00623705910159755 0.0465105238078067 0.0318374038856985 -0.0665138293507093 -0.0740526449535204 0.0140180000621477 0.0246119099807439 -0.0245096031989374 0.00267179618970591 -0.0726893084796421 -0.0231852877303938
-0.8 0.0570831744547131 0.0288170827799201 0.141359136780467 0.118786756354975 0.255341433199612 0.326346216899628 0.344187112963313 0.399533950993698 0.426170683785807 0.373160223935429 0.260741520098396 0.197521863190777 0.219103846673152 0.0368834218691225 0.00783039061873352 -0.0150175102862701 0.0262115191042308 0.0751330568313115 0.00386824601475258 -0.00372034579138168 0.0132515800913185 0.0288847918488412 -0.0974124595652582 0.0844471845270004
-0.7 0.154587250444402 0.201979188196924 0.177736651008302 0.188351106804834 0.281226905127316 0.322682183254113 0.416878013567221 0.408945639651235 0.517141445279637 0.34912786065586 0.32811868824965 0.206344995821653 0.131781795697044 0.151018980047774 -0.0208835473093686 0.0570402658061538 -0.0323255147793033 0.0436696883402803 -0.02808746034308 0.104943732996871 -0.0144667336048982 0.047141989299845 0.021017787058625 0.0267865942126792
-0.6 0.0232809656130916 0.126430474078199 0.191903199599525 0.109851052474992 0.308766282611383 0.332119145486034 0.359133237731668 0.424697691604988 0.498133036156531 0.462053293597898 0.35115585187351 0.241195379796191 0.0801110885161977 0.1577817666224 -0.0287332961707554 -0.0203611785771725 0.0299830075217399 0.0242798496743314 -0.0201130678319783 0.0341648744648276 -0.0145972463212701 0.0699212144843065 0.00176315367972043 -0.0442288809979615
-0.5 0.089274840330216 0.14019180281562 0.194201953159688 0.192055548288104 0.237480472764424 0.2778561502117 0.386996325059951 0.515600984701888 0.365030522243433 0.458968697426279 0.349389896037645 0.278126250210865 0.19366978412044 0.00364892022933385 0.06033090597967 0.031090427011151 0.0842667205496445 0.0416080152026376 0.0162117177336258 -0.0270519542150221 -0.0169206244941298 0.0653646971739984 -7.72155986799843e-05 -0.0299424081530502
-0.4 -0.00976092463856007 0.207395104849137 0.0513736846963464 0.269240245797472 0.333867025402887 0.304574360651088 0.391945660628413 0.47034816454288 0.466329263471722 0.479129068900047 0.367852611127979 0.25298690975257 0.0568778309955252 0.0676391493294622 0.0120800127180903 -0.0258795840041507 -0.0137244864485814 -0.0422702943234393 0.0204400577139332 0.0392551321878453 0.047464834838446 0.0217960700443815 0.0414660057052268 -0.0501556742769645
-0.3 0.102231647879299 0.116116522413826 0.20915957183378 0.300194856617406 0.34426732661225 0.336217192421086 0.389087407514516 0.486327918606741 0.550907136310285 0.5622634650439 0.416770992646174 0.195738257254932 0.220007056932477 0.103039036786084 -0.0287013231702269 0.00177897740350802 0.0661779444943474 0.00554599476725069 0.00939845138444274 0.0136482336350111 -0.014202184700406 0.0109896967611926 -0.00552618790766999 -0.0219346612495202
-0.2 0.151802431150286 0.187511443982982 0.157391445219371 0.275117661534382 0.397305784636942 0.371376354052574 0.539538688785796 0.520225051413156 0.560476125513187 0.446733485743222 0.360725151574348 0.266574074065119 0.253004651181646 0.157437760606778 -0.00169618013674323 -0.0659337399892789 -0.0317770214953181 -0.0114901451024019 -0.000437661918075795 -0.00502953511024953 -0.00668222368689292 -0.0224670525682238 0.0697275101655814 0.0428390649628546
-0.0999999999999999 0.0999330750924855 0.166465593034628 0.136057678021047 0.282936432550401 0.391517104171129 0.380436295805012 0.573408369537674 0.546917835819223 0.573782635024876 0.392847524924915 0.416136120631296 0.248479010984122 0.0460339075575198 0.0830312482582734 0.0994283253261014 0.00243776865025348 -0.0306920964618445 0.0360357549803414 0.0411157394353606 -0.0358598686535925 -0.0729527294798848 -0.0223516631908799 -0.0295639494888561 -0.0434153975539101
0 0.118692314194334 0.190652259557174 0.266976209282525 0.294465596508163 0.351818646133721 0.458821578797831 0.549117184620552 0.574546607583144 0.535665716875534 0.656142824202688 0.402350863994061 0.285455382042188 0.158575550999022 0.158210147912146 -0.0645469883286712 0.124554880073633 0.0177686482881006 0.0921926805830491 0.00823527872328354 -0.053146972130593 -0.0178850420007099 0.00462628959309422 0.00449691277128159 -0.0160996840866788
0.1 0.116701748567963 0.0809037494764418 0.281952842719478 0.337135310372108 0.444644640636731 0.490410493648086 0.557483469177842 0.643818553606618 0.693281505424459 0.600682768348989 0.549503266576187 0.348667426083876 0.186773760073541 0.114599014924366 0.0703727381391623 0.0380614713151392 -0.000807536507823867 -0.0816925289357302 0.0485979741817758 0.021549725493447 0.0142342816864441 -0.0317415674654598 -0.00289336775097224 0.0502901747409552
0.2 0.152414514882786 0.234021951476617 0.268050583623973 0.244811075786084 0.390925344341045 0.489406535360206 0.617780881660465 0.679877442546867 0.633662287199487 0.612574804076909 0.394514084251005 0.361619587229321 0.198317939154213 0.0606357512443196 0.0968000565055847 0.000241927248256883 -0.0441551403261542 0.072276360789446 -0.0511528521204223 -0.0226179681399274 0.0553887598669387 -0.00669004485608642 -0.0719068867567563 -0.0406241374666489
0.3 0.143551677266161 0.234270378189043 0.262865234068818 0.315710200000474 0.400549673732697 0.577215582399738 0.574225989388017 0.620176062606144 0.670600350912099 0.617522421213318 0.414422144010643 0.43663026578601 0.229947134925978 0.105490336292929 0.0980375864855315 0.152493404128971 -0.0248419114614505 0.0266633401667304 -0.00557916949199222 -0.0632508482168071 0.0461802615240962 -0.0357408580235362 0.0684416476854928 -0.0393711001656491
0.4 0.164415350007398 0.30101209506669 0.226017585671226 0.385062660602798 0.374802655579588 0.614348457380076 0.658412044128244 0.645288847158054 0.757404913510744 0.689217377622659 0.447438436881402 0.359157746863368 0.215459163680296 0.0422301051001943 0.0739479357331475 0.0736369276905728 0.107122516516805 0.0349723772943154 0.133304777957993 -0.0591582908145565 0.0548520884937069 0.0151809011546168 -0.0808342852347094 0.0559548356575441
0.5 0.147013397883736 0.191593706805823 0.324820572241346 0.324384375398069 0.517307630241463 0.559703853507075 0.664539462883192 0.695771782590805 0.638512096374 0.719386448839404 0.541846489444763 0.353774316962908 0.202020802814641 0.10983955514263 -0.0354697008961297 0.0259352427226248 0.00166240866230374 -0.0220767195072309 0.0145885451729086 -0.00808011156708317 -0.038104757572464 0.0194879947348058 0.108931387603467 -0.00604058627526832
0.6 0.212743465698002 0.219893593356585 0.418789283627028 0.306503772242112 0.489882903975851 0.579986417978152 0.559773496403629 0.736530841224322 0.703171756235675 0.608759082054246 0.559415238015468 0.393420829082219 0.222687609600045 0.117489199599783 0.0383794988319218 -0.0184873180997111 -0.0777854395859554 -0.0235339719362027 0.0456691552358286 0.0836544168196761 -0.0055765965628613 -0.0445811153875744 -0.0191949245108505 -0.0273848335465104
0.7 0.136259203647171 0.211222435831511 0.310709079132551 0.378793530098553 0.519811070101426 0.703725063832841 0.690666200658537 0.742011468552025 0.744814996672408 0.654426354863336 0.550020140677153 0.362815281898647 0.260367210926847 0.110676084487553 -0.0234063506212334 -0.0386177976383947 0.0442930320180334 -0.0296291567150643 0.137430386325087 -0.0447031432401439 0.129495458867633 -0.0916746745219924 0.000898474636333576 0.0269856645578596
0.8 0.21097655937626 0.299871753616995 0.25475723132593 0.40112721587853 0.485416754961918 0.575252915342135 0.65590071104017 0.758927096515991 0.70969335503223 0.807676624079204 0.55950507377809 0.44340297350816 0.211888739085926 0.187771611945033 0.0194355387345156 0.0652575808917056 -0.0166400379655366 0.143468034540536 0.0267094584393559 0.0259164582548867 -0.0154783693154576 -0.158423501827277 0.0156973008644149 0.0338653955241633
0.9 0.172405999472163 0.146685968414867 0.322331948227069 0.401120560988309 0.464507197615277 0.537650244558087 0.657432835548525 0.764068341314004 0.717014133910886 0.673575825617043 0.630697318311601 0.437309089151071 0.204102504393204 0.0746621503947884 0.0611770791152784 0.0172545541205087 -0.0501181732416767 0.107966862756097 0.0348518476153898 -0.0253402661158757 -0.00993378692274763 0.111290169212844 -0.0253166357249228 -0.0628698522744258
1 0.144863225406992 0.181473300102287 0.274620713815718 0.42489876330539 0.6658386616446 0.599908423766949 0.751378267352545 0.672252134563505 0.771938998572931 0.71655016672444 0.546681970229844 0.442354381183413 0.284827049393833 0.219287771329446 0.073381459682957 0.151762096159818 0.028762914131463 0.0180786848484953 0.0146455129203866 -0.0785255623614554 0.0349708543699242 -0.0363581157639095 0.0825979713009845 0.0838269941387391
1.1 0.262623627445997 0.223048078366684 0.275824014287894 0.348658361891076 0.457805012651889 0.674619663276773 0.750338391882466 0.85688917433399 0.784212005123647 0.804758327765205 0.619084600546957 0.490049125690356 0.277504186252042 0.158281497966018 0.116853521841513 0.0396710762333343 -0.0776687540807849 0.10836109935181 0.0776394938858918 -0.0237435849612673 0.0395804742098688 0.0308367975663134 -0.0105883891970372 -0.0469644125736314
1.2 0.208964677654193 0.135847417364893 0.295314384982087 0.450074449468542 0.456325709394865 0.616010303315828 0.793917602640037 0.863339756657967 0.82332664557221 0.737220751942523 0.625628265769177 0.524849763218088 0.212254889892173 0.129789091544229 0.0648686861015935 0.0308083012410022 -0.0871626223827607 -0.052296022827863 -0.0676136346275747 -0.0121824013748476 -0.0244271056880645 0.0418894282737696 0.0348302864979816 0.00902356576091635
1.3 0.234639049185681 0.227740160608921 0.273366849546605 0.446571304536849 0.587372781614601 0.757762767281231 0.831810450430925 0.787247225187223 0.820227907041452 0.860051623811565 0.606646567526797 0.432774793489714 0.33007412859245 0.0781745125930035 0.05965329974133 0.0154405479230404 -0.0286593998919779 0.0788821515796985 0.00298746592592157 0.0160319289634257 -0.0501101394657398 -0.0132674172769511 -0.013883315183877 0.0263259338456901
1.4 0.130300888836272 0.245419931087181 0.337969160774287 0.43106174979618 0.518008713387156 0.566876812496658 0.783156128183255 0.857818527337306 0.856927573506078 0.764705517772906 0.660686383409466 0.519016836572934 0.2251948813693 0.0365122450359078 0.056997223422159 -0.0162849755799662 0.0951102825392519 0.00862972729561839 -0.00333119288943764 0.0277614408558567 -0.0214948833704437 -0.0146671207141691 -0.0665020502909087 0.0867538566591662
1.5 0.189198462688249 0.285711708782178 0.372003252322856 0.446844886691594 0.576981937220019 0.651151643538724 0.709455771817983 0.918436558381035 0.929720823271767 0.765313608963284 0.697570932135934 0.478058253644646 0.25841645723258 0.0723100241276075 0.0648096806149389 0.0480981061633128 -0.0108061200757897 0.132307909353912 0.0708182444073855 0.0486328708326201 0.0151031062982126 -0.0168208724513356 -0.0755413220979156 0.0272378852654407
1.6 0.2064619958296 0.303545886697912 0.340718870268613 0.352350035440245 0.469157980856177 0.604327557655446 0.806311430248786 0.85745460867467 0.953624380692989 0.839567193207134 0.638987630657017 0.551602058261611 0.291669433672775 0.144006289358836 0.017809067273789 -0.0443511044400481 0.0254465932924079 0.0828067298025931 -0.0036335865830948 -0.00269961177620272 -0.052561260184089 -0.0687161350534449 -0.0870271396745841 0.06625173377328
1.7 0.183200561155361 0.158884451635492 0.360137096864503 0.527461171116035 0.564917333578369 0.647202226713065 0.778301304528397 0.878244952127092 0.828710371530174 0.72163196422098 0.634897301092638 0.557591405497698 0.289409940237226 0.109193646223203 -0.0386856075598518 0.0354854118764788 0.0492564838031799 -0.0548795748144233 0.125638826312482 0.0909328252149106 0.0143851477708195 -0.0343730472948578 0.0586271528778773 0.00703586936152278
1.8 0.19953357466368 0.325646690193891 0.33109765649126 0.401022071102106 0.464178891855446 0.629842347969576 0.73678910986356 0.880743700929099 0.842230750538797 0.816060403276792 0.773089091485869 0.524526155903945 0.231731628765803 0.0829256738155951 -0.0033978424468312 -0.0257869116619938 0.00602049189321333 0.0884002263103497 -0.0112503052046631 0.0394160621460609 0.0585862034814057 -0.0431442691936274 -0.0128972710416313 0.00953068949059128
1.9 0.127875529825947 0.223184121489054 0.330933901011247 0.493452189512706 0.532575500589693 0.716962437036362 0.784165123552821 0.82843261559142 0.882168583686015 0.800910287654503 0.67294576141393 0.5684305358602 0.260974617324325 0.216951240835063 0.119793748006542 0.0218679854358593 0.0525963682046735 -0.0436289752711672 0.0369732850625222 -0.0193073184066857 0.0492780471667343 -0.01446493271066 0.0182220309633056 -0.0539824773300448
2 0.190089828494661 0.304199156175464 0.373031468067371 0.498858784872755 0.515233531108536 0.670340979581865 0.761802272837158 0.923329553950808 0.967349430972369 0.880077358028987 0.545904020928008 0.484704555788642 0.362557915260134 0.0992023697922718 0.17286723290303 0.139341860665143 -0.0478351807689926 0.136841340927242 0.0375396554695474 0.0212013849531343 0.015668466830051 -0.0101081684362506 -0.00893856584622916 0.123364960202246
2.5 0.214387554282524 0.216522584747962 0.280917763540125 0.375883367248738 0.581545958688867 0.610739159695231 0.758479031181354 0.837774975611589 0.934738875290156 0.787892084573736 0.726689011066965 0.437601886473115 0.255346401170153 0.114682558933226 0.0583562521082099 0.0620626065080474 0.0608261941845138 -0.0452007104416028 -0.00894531529624462 0.0170091604022248 -0.0789513047353232 0.0116668706489124 0.0105496179758745 0.0200711725525217
3 0.164848058695451 0.283476171379781 0.406474065274681 0.421994382975462 0.561734961392256 0.770593467642441 0.753130298797658 0.928921975725912 0.904580885232209 0.818463085128508 0.744922394344678 0.501466221525384 0.293416771011132 0.135800137671479 0.0786418109460428 0.0295694270559035 0.0363777291041811 -0.00688139377893035 0.0336352662949881 0.0898085811779267 0.0828931346463339 0.00382718077035208 0.073900215343471 0.088752234292174
3.5 0.19636194909693 0.239518461555428 0.312143549112526 0.441130936027759 0.555210914342162 0.673393774765434 0.79829117117186 0.917780638012003 0.858418517489809 0.858499975402017 0.694640441227905 0.43993704360047 0.331003997857176 0.225846029338432 0.100782425136155 0.0169936434647683 0.105486015949326 0.0670961385013261 0.108984479861758 -0.00396745572696538 0.0684397638080572 0.0360030963471365 0.0531475725452586 0.0198034961110671
4 0.13990266848233 0.264802305478159 0.30694491094074 0.392837922834576 0.532331710787288 0.673327652222506 0.716625668141505 0.851780202926355 0.974266124359907 0.835531963565767 0.767784719790843 0.52675570534937 0.325242084319912 0.172707435900698 0.159077086626465 0.0391061905634477 0.0494493673629822 0.0316715640646005 0.0758247740222402 0.0514034367103429 0.00132233115002617 0.00805101215384961 0.0804073010354248 -0.0375592291595174
4.5 0.0918355986092402 0.216490018088838 0.335339777183235 0.451112329894424 0.561702541353402 0.636685248895117 0.684820594642602 0.94202811002267 0.83635870049415 0.793778564653217 0.667398362605469 0.506131143006363 0.305406851763063 0.261962697560969 0.0856959627770107 0.151953423436228 0.0814217873359117 0.0919952806907453 0.0936733756782041 0.0278843205580647 0.0942244148534989 0.0273799866050949 0.0467021708197163 0.063238743640924
5 0.129991712606941 0.229500269992259 0.297255472430331 0.421723869312784 0.594669692418758 0.579662652299146 0.825075818824581 0.838917338230756 0.849168066273323 0.747176913251286 0.695423483378431 0.517256204139052 0.301112907902434 0.226151659150518 0.104620434604131 0.21666312465898 0.14365408506601 0.0163641816097212 0.0818546162545995 0.0620654137506886 0.052615651448579 0.0374949762440334 0.0613852673337189 0.0558111089154245
5.5 0.143314769502406 0.298316056575464 0.293200255768685 0.395114713517314 0.577884241308835 0.634625817647276 0.762660243091172 0.87207859801589 0.799537142403155 0.781867572040976 0.635518130509411 0.468649550129463 0.292495784709482 0.275996353197332 0.138496031422153 0.116808299976647 0.0477895733903328 0.0133652363270903 0.0431402427689387 0.113158259088032 0.0458073872089384 -0.00473049842817798 -0.0427472708944206 -0.0180844351747954
6 0.186559209827607 0.230880887751766 0.285578612764293 0.379368301822749 0.530668654042363 0.645365611170048 0.766110096974798 0.795955744037234 0.853665382922748 0.840632309312051 0.665868857501279 0.52809416389027 0.338808144708743 0.208180664301321 0.200354944996805 0.126909666504361 0.0885180189776604 0.125695614551423 0.0802612228454864 0.0942239857426821 0.0345045909464389 0.0927010467076333 -0.0266979363578698 -0.0137804293969259
6.5 0.128713488856551 0.213084788016477 0.331159638756435 0.456567722074288 0.586080940612 0.614119489848085 0.837789631485697 0.813114566617625 0.944119282225783 0.893317282872695 0.630092801934383 0.551519456308002 0.406500005120985 0.183136993102146 0.241711913047402 0.124371895854286 0.0963849852327208 0.0779061499063801 0.0274533284309194 0.144424067692799 0.0963720934040972 0.0474943655407665 -0.0250783699001824 0.0771844319861936
7 0.258409069047988 0.216303578851536 0.383330887165004 0.424274367507477 0.492748017793818 0.605326300240952 0.683705386458094 0.777434196596208 0.890049748174593 0.789547465599814 0.58730799680003 0.508712682540637 0.446099738471182 0.143983091985561 0.18531996170579 0.255837547441083 0.046202136169655 0.0895189190436206 0.0861803432620624 -0.000248787291125582 0.0334126036232722 0.032732249104357 -0.042214262177517 -0.0226080295274862
7.5 0.162949730486741 0.240108297602999 0.278717478355335 0.340021333009773 0.555838616603982 0.549163108870261 0.830327942335414 0.801969764395239 0.830695537795804 0.693996165098863 0.663568603686044 0.517661220328594 0.421424728273929 0.227352968077268 0.220310740101284 0.0770716790717721 0.177811279769733 0.15513570933026 0.0656794184216513 -0.0127898967203832 0.0694359940991677 0.0560840554695751 -0.00757924399155507 -0.0122941867451816
8 0.218237141880851 0.174285790743267 0.214025660576598 0.48039092598668 0.535313847810093 0.679868704828782 0.74255346785474 0.728941421998512 0.815496311500609 0.693902798820013 0.579013040835381 0.493509195256824 0.338339776745075 0.187247685457363 0.143841982300087 0.219027928257589 0.0716607587947375 0.0625712189175325 0.22454356530283 0.0806854493182492 0.0229446924018413 -0.0284251975227728 0.0217698075272848 -0.0683799051647151
8.5 0.172553205857065 0.278887160808652 0.279346542750268 0.448665519653028 0.47829328976691 0.615201978654893 0.709026737507876 0.747064610975672 0.729716003023707 0.738197335110927 0.650737038950156 0.511488269078092 0.435778335715916 0.288095708750402 0.177152917031036 0.126094151338173 0.209336803445175 0.112591646335206 0.120507926184253 0.0766382088426571 0.0850768378188035 0.0491845523307649 0.0107329073427383 0.0502790280157918
9 0.182527528453716 0.201769267860103 0.317300591762712 0.386806793161991 0.492605170442479 0.621778558980907 0.767788848873889 0.773161120259514 0.800494654500698 0.747517574997243 0.70933311182646 0.479063194248939 0.397695719658785 0.259765793696387 0.152666076998199 0.249645164576688 0.0995346370303328 0.067776913092242 0.171818994108471 0.141326428015192 0.0532157731062458 0.0806403188578416 0.0809475737705854 0.030132357095503
9.5 0.149499246033606 0.196735908775117 0.26558442576264 0.480989181774669 0.517460449566112 0.676129251300665 0.684608057924047 0.69567672445485 0.844995471079556 0.719045171248805 0.624259594194295 0.470010589679816 0.379980365062659 0.273104824502653 0.176808449658545 0.233256446672956 0.271184821925662 0.209885294203637 0.0717492201725586 0.0274506296998338 0.0379968812197749 -0.0135071635563272 0.0516086916395902 -0.0180881808263911
10 0.19831528960072 0.201190810558934 0.253862714473396 0.320647441681142 0.536631105261915 0.511546454816358 0.633877998451272 0.808079534134888 0.793869089147258 0.728808989805705 0.5335034535201 0.527677328723829 0.334095125865171 0.242455036232031 0.17045687728144 0.245672217828332 0.226546153133145 0.167311664276225 0.113125408765344 0.0867733502669159 -0.0272127054992762 -0.00534623898523395 -0.00993379624672908 -0.00701488734934389
11.5 0.0708553527450206 0.149627051087504 0.347736038955161 0.281976244621956 0.449701526245464 0.480501944775063 0.615343733642589 0.766645276265606 0.731116391298767 0.818127855449246 0.618038588316032 0.466255940917527 0.405197299530623 0.307253868276074 0.321156196850885 0.180300554658282 0.22912468038776 0.163870999838238 0.141944517129906 0.116561453158124 -0.0130478258313983 0.00543024597645494 0.00752558043122645 0.0286410988817211
13 0.131323632628772 0.236583046572581 0.247905258633171 0.225180735653974 0.455873173135059 0.578224358218324 0.616898207633475 0.622070945760795 0.753838735371241 0.629972963880181 0.602098692742872 0.458738809335161 0.411023262838457 0.258321292965215 0.273802440426226 0.225525581697179 0.259712658158742 0.21986174125486 0.156591109352052 0.0795170042863262 0.0579784753972554 0.115512483092543 0.0921454466554816 0.0112056596726808
14.5 0.161646899062364 0.14378615881027 0.277304161796567 0.305343013373563 0.45415030328719 0.602812015640177 0.532153563991914 0.675952345218086 0.685520156599143 0.62123736285254 0.564967709804853 0.537708774831484 0.491528209163669 0.426493589682231 0.340769832587813 0.16751253055981 0.300679670560362 0.260012255305139 0.162133379819471 0.0304362373855588 0.0263032990733246 0.0431929677408752 -0.0440749339662297 -0.0119159326441504
16 0.14357783539985 0.237921996018866 0.226307515537658 0.296390487074025 0.432983007554579 0.508564073370925 0.554195682646841 0.639414974262241 0.665190259322113 0.683942016005553 0.685916054875546 0.554179296506927 0.48685315594738 0.347997805109578 0.368139855919632 0.266349450409691 0.235110248472902 0.184834758822435 0.230145444018547 0.0898411289485659 0.128039495468564 0.153373608188053 0.0242206616516429 0.126510385416003
17.5 0.112488709597869 0.118832730036533 0.312780914333493 0.358570132274873 0.436955038150844 0.540477169133104 0.585079942163036 0.502952384899744 0.669484363822023 0.644655644870997 0.548654796911489 0.566803045245235 0.523661824582243 0.371343599869231 0.30523823111345 0.266419847068018 0.221985129991683 0.206651338414036 0.189697969574105 0.149180348885828 0.107511813116028 0.0102991205803604 0.0254704242513099 0.0364066489162011
19 0.0866103915590764 0.0768910741076425 0.233843140692632 0.364783063261013 0.361182828322742 0.505958151986143 0.492526650289429 0.614037290870405 0.563352992210683 0.617737134445546 0.651704981986272 0.470452509796338 0.445036497449095 0.438497566007956 0.405310152265618 0.342653486625067 0.257817061354627 0.249617198788914 0.0981105270369703 0.186426383148185 0.0665162276540835 0.0133364756576699 0.0171300283096727 0.0763426174734379
20.5 0.0150860797768653 0.153261529107498 0.229327368302279 0.298587861404283 0.343074885341306 0.449512591956325 0.555648254945874 0.526748627107913 0.607699435785777 0.707126505343442 0.536904859985358 0.61103870849273 0.415273221141065 0.432956378503099 0.472410903301265 0.361855463897979 0.144811341892857 0.296743899368813 0.26562233775372 0.09628576794474 0.0824787395571642 0.0146297461102428 0.0513869151330318 0.0579379017702637
22 0.128637455094863 0.140719573350057 0.144451607140278 0.26767826744375 0.406263074582749 0.452190923497177 0.50450525822472 0.46442663769136 0.500743058854808 0.547053113838353 0.554520574003217 0.519578035749353 0.455942972444257 0.457074766669286 0.423924093111446 0.352071316197325 0.287321676476339 0.281010888350289 0.188107381043748 0.18278991398763 0.12029248734813 0.0468924528499435 -0.0275884973236773 0.00821909403851837
23.5 0.0700026903392832 0.148066105463872 0.168630135819518 0.243597087955234 0.345281304973553 0.347620065739428 0.463832927787208 0.525360319930583 0.684739887759595 0.519079965656385 0.532372463617579 0.572067905467135 0.494484456196061 0.544524667791826 0.449971996167872 0.377929945139283 0.320888451994405 0.287123249867677 0.171747091004168 0.172643664066256 0.0940092755521361 0.0532448660171049 -0.00417750101080821 0.0221284982601116
25 0.0527716886856497 0.137744790550553 0.282933872848864 0.305035640604385 0.258077551133107 0.356240518986207 0.410345516745915 0.498136178873653 0.541922371616947 0.60663034506219 0.503615638730273 0.45419385351096 0.492171696764823 0.410654090950952 0.471107323116942 0.339833893567812 0.351279050066255 0.282135239144893 0.241025815776596 0.208422935462935 0.144163044149815 0.124078324471166 0.110450832719586 0.037319168675877
26.5 0.193923978432268 0.0611283773936559 0.238394093173733 0.213279192850686 0.315186882295885 0.382035094969135 0.439329634328782 0.436203406521788 0.446771560315828 0.444000685818879 0.479010913740481 0.565992906724868 0.53037907866353 0.515639798810964 0.4723369019719 0.481695896558817 0.389379154673328 0.274606646250607 0.259217687736945 0.1680495475677 0.125814572656091 0.0755690947931555 0.126310167478705 0.0316580752089111
28 0.0581592087101395 0.230683658033935 0.253806993565877 0.232721047587631 0.400972366202248 0.393015630577601 0.422460165056213 0.495499442162874 0.4387689326572 0.469928203455106 0.473385367866531 0.551640831129644 0.651624034445665 0.508511348263919 0.497822094747173 0.47520246510831 0.375650092695152 0.285074525305531 0.249987385956922 0.312199962774295 0.150632792415814 0.09177204002128 -0.00294604767100266 -0.00370216880193083
29.5 0.0819061389452221 0.102573242828058 0.178833554525277 0.204513469194176 0.216300621936235 0.354183290420221 0.47594384028158 0.459922557814576 0.517239370364069 0.52868944354282 0.464737793193941 0.555729336830112 0.434870565998465 0.572286263292823 0.543251797859216 0.506790177020462 0.365691522917157 0.293539572088546 0.230225288621464 0.190157158292559 0.129626878645806 0.102769769746116 0.0301455532406989 0.101580821033088
31 0.0529260118327607 0.17106347842521 0.140349914158249 0.197650960623414 0.165421424360298 0.291125687919246 0.390465052427099 0.474617296308675 0.366143001122552 0.472976675177567 0.511102324066658 0.622711449581538 0.564067480738016 0.578646595391999 0.553467843543653 0.540604056888372 0.437081357027132 0.295635672202744 0.314456287505425 0.250159333163488 0.197600520763902 0.0801135819797356 0.0928978552392402 0.00157685090512906
32.5 0.164676206636693 0.161123040969111 0.149784344301489 0.212252652711006 0.255444177249175 0.319153286744268 0.431516313685284 0.453217700322832 0.401067036552346 0.489057258733577 0.470995904648092 0.559436335684651 0.580095009511892 0.475475616136795 0.522900669816408 0.491846695116369 0.486488369855933 0.335879580279378 0.344685316371145 0.145584354393462 0.215505704914164 0.0871449163338387 0.100010485809214 0.001840808225859
34 0.104836468890503 0.0672138153544664 0.217633566194214 0.216352473251211 0.260571080208159 0.360344362994537 0.480443493700041 0.387892621479997 0.400240095003371 0.48234636286334 0.47025283065191 0.569951478238224 0.576205707742491 0.518239839201126 0.550187868971344 0.613273122880414 0.502387375218194 0.235752582392021 0.286469262943989 0.235643827320737 0.150713044892968 0.209695780172347 -0.00235664019324683 0.119558081174403
35.5 0.051189422961281 0.106023715524855 0.188484180228407 0.218669436737528 0.292414613343481 0.318168363207892 0.309615397834603 0.327603992148394 0.371748361593356 0.458066063003806 0.473243847690994 0.538336671733473 0.558760754833456 0.581049360426772 0.730522352923108 0.48852884490502 0.477385389365289 0.380106801793496 0.315524348068658 0.194776393406856 0.125887032309981 0.0892947976174207 0.111205452439128 0.0868177592818773
37 0.129380139536801 0.142827446407815 0.109034360370299 0.159002650169366 0.16174447446109 0.258820484098105 0.332777750146876 0.435948516247842 0.453797209946047 0.455051666724434 0.464100247820752 0.540522013367228 0.561275074797302 0.704947125012305 0.507196325834423 0.552179742503886 0.531789621205991 0.324490309381772 0.28403815705182 0.220968842314989 0.165202695846201 0.204221943501002 0.159652349034982 0.0272570382946009
38.5 0.0816553376612439 0.11859090781789 0.16412871777377 0.113541027247696 0.168754554510414 0.221162198633713 0.374556785679125 0.313938548529576 0.359302355078298 0.375020528715598 0.401477364293695 0.553404741549311 0.653166606503704 0.583284219050916 0.661186086766642 0.616179648888976 0.450175333082379 0.375297705743572 0.197090261313101 0.200005910756134 0.0787691038982187 0.11756094705404 0.0619573530651643 0.0888732258150105
40 0.0189059528586142 0.0480673816116111 0.152263474240387 0.269485669410414 0.226882833071483 0.256108349689919 0.388233968707729 0.327647466156012 0.324529323642033 0.384978198823065 0.446726057333322 0.56174396939741 0.616015445927215 0.634654565717376 0.681685644519209 0.596805440651802 0.538964996879849 0.389662205635712 0.254723980531646 0.184744390280667 0.188653086270918 0.0564935348298548 0.0368244565832021 0.112806692996972
41.5 0.0547426793937436 0.0326424222172396 0.129598141550857 0.204163505919216 0.246395660630192 0.337040414607654 0.320195321393276 0.290970528496594 0.395287537190657 0.40847854947364 0.411640994876475 0.490186490293549 0.645060201097623 0.691995060895892 0.556586342930432 0.54493624563184 0.478724510091441 0.547010400335323 0.222940266260314 0.233579288270211 0.143281856210377 0.000929936395735992 0.0968520537758788 -0.0645003652614417
43 0.0990037827809677 0.119013164557878 0.119070131516331 0.214449235675214 0.255855046609818 0.226153360787533 0.221865653320521 0.39822308145388 0.411157369378323 0.416215814031288 0.435207132558682 0.551804424700308 0.558720297885538 0.796630365705031 0.630102577007389 0.550773038036621 0.49906599594048 0.4242358384579 0.367081721785878 0.181695175146012 0.160846067370442 0.109778858556906 0.154881052530373 0.0445556465334355
44.5 0.101963231345592 0.0928363065382334 0.129330168049992 0.11316684891045 0.124052988393537 0.265207749204183 0.268621376883626 0.244682791880952 0.413014390053564 0.528466411724036 0.394216465033261 0.511209233311037 0.629784923695355 0.782977230309354 0.597484354817356 0.65770641330566 0.489925441098068 0.4604722532635 0.320787437045343 0.198719452824677 0.202014934990919 0.136572031592507 0.118354917989218 0.0259468584138432
46 0.0813213664666768 0.125618361500967 0.172625909518461 0.0954253631659164 0.190935243743938 0.260013431534043 0.237291490357351 0.359091805750654 0.340460814073203 0.382667424385277 0.41161135365516 0.468740793400854 0.545498739609403 0.755158910500218 0.621097066636423 0.595590454379934 0.469128941580271 0.491931665019327 0.339173199380074 0.245474253643519 0.207832944333894 0.169220619682561 0.0434746040588754 0.05593364019192
47.5 0.0843758804539518 0.130262426564763 0.169591862346044 0.158442711337831 0.207229996642505 0.230710306177298 0.253793064141569 0.361047497217953 0.359521948218728 0.311524052412135 0.414000475442922 0.531649180138134 0.641189782986271 0.696101850040521 0.69653151437443 0.597048167663383 0.534214255455252 0.45201016648685 0.267641075389316 0.250149450782541 0.179326937942088 0.145293935311005 0.0619780414996082 0.0920484843541452
50 0.107134130180771 0.0631322043937808 0.103126487483204 0.0911269638674693 0.131418621201083 0.334879145144859 0.261322586493797 0.298075449989577 0.345410502839996 0.337248978778106 0.538201717873737 0.461733497383097 0.620465761874853 0.651883861816668 0.72884075529464 0.594678853911383 0.590147120609437 0.41646596153869 0.367113303806524 0.174675362802104 0.174914275909335 0.104869858163564 0.0562374667500803 0.129341664316986
65 0.0650277445221854 0.0814968678294144 0.117927449237011 0.130177264354848 0.0611413104878253 0.155708459885604 0.154205728234198 0.210989853330467 0.160327465974055 0.190943702072346 0.281174967615683 0.513408188225671 0.739632842808813 0.758194001950608 0.755332169510625 0.727002022846093 0.566521354422005 0.457267670726295 0.467043136966986 0.209257991252429 0.106765092521642 0.0716650753114061 0.0625147193297267 0.0962666690504495
80 0.0472109125070434 0.0539200434909564 0.015388648692231 0.0964223079377743 0.134715886937889 0.0835007505524367 0.254154876113441 0.0861899917369176 0.115767868208281 0.242128218847869 0.346658725438205 0.541516403897124 0.720922713591512 0.862264896276688 0.82085605137425 0.831272229129138 0.687146236941881 0.469037692850865 0.369887046194968 0.219387300018763 0.279343320835952 0.174796553412648 0.101902343558091 0.0698550583947577
95 0.0319092504121201 -0.0417812340133805 -0.0435634175508683 0.100624506742947 0.0203712191918469 0.109682938254991 0.0891712172004503 0.0681295039861085 0.0949843573906154 0.186648583045635 0.31314488249633 0.470988934274985 0.774291857131342 0.895785467485569 0.844056667314064 0.8567569534161 0.636179828587883 0.508960375401155 0.435063868043216 0.362048537734931 0.247451780147009 0.202246926872896 0.121769499939546 0.0665959751588527
110 -0.0467663604942804 0.0705720411321585 -0.00729940470062948 0.0270239221144317 0.120126318274088 0.0571872184429022 0.0152697730073336 0.101040086766534 0.0824406804470724 0.167082170947939 0.270283463974299 0.454196803864679 0.800563400962599 0.837212648002141 0.884322868835018 0.849615768972996 0.619604154510755 0.574398867646849 0.382668631795846 0.235805285855121 0.340173108601544 0.0537560801546141 0.0828885504502738 0.140664366199327
125 -0.0152379069756243 -0.0233579193585758 -0.0600816728391656 0.00190669635766894 0.0970536146563969 0.0394116867150199 0.0350157794644403 0.035880447828346 0.0341874911010158 0.180809996763316 0.250282174820548 0.587829346827384 0.760640393720674 0.809824542216243 0.760072278816371 0.724759829147478 0.677053486570079 0.450810659986489 0.424935010321333 0.345160429861479 0.210171269692079 0.12533592286104 0.0749303053852246 0.0493432128255728
140 0.0113091796591117 0.0657894302892806 0.0660647440956914 -0.053629821924455 0.0123211545808342 -0.0505182869217112 -0.0107864120070937 0.114078550990748 0.0978754150555233 0.130411382307633 0.277133770709805 0.522977896158079 0.739880261889881 0.824080828604904 0.974393812279278 0.875144560070684 0.630398761437818 0.648084868112313 0.375615988608105 0.322195067269037 0.267500873646371 0.127010301446628 0.0726805386232079 0.0127931230969923
155 -0.0237703653860603 -0.0838172405467068 0.0447001170081268 0.0158366633727074 -0.0382603136597656 0.00271762551834361 0.0696163110871543 0.12104684967809 -0.0186647404376456 0.0832489493283339 0.288073518968785 0.482444572682081 0.707001615976519 0.794758412059369 0.850922212692216 0.840717470276521 0.661900053083959 0.557418486954596 0.398276370310146 0.388999190747118 0.209693921942392 0.170068288737097 0.0615618660326577 -0.0113996761646029
170 0.049169474808448 0.0133407761538905 -0.00739877628895588 0.116059621672041 -0.0969314782450006 -0.014393536177645 0.023172503743428 0.0308800841554452 -0.0374432543945936 0.154772270213075 0.250571669921815 0.555907431996057 0.632627780190491 0.984775202532534 0.840223568437224 0.877047830509396 0.597923359595504 0.516903875953598 0.48264671187252 0.301024983788303 0.183769165345135 0.157723410344496 0.0874946038555857 0.0679409997018306
185 0.040166096310391 0.0530696847911853 0.0595809015392995 -0.00311074991744008 0.046184842887553 0.0585119514184611 -0.0513548090553948 -0.0118639253557559 0.0803511455446118 0.0864795302073806 0.187590310683061 0.44692349311498 0.702733404208161 0.874162807789378 0.948509087529518 0.731922063121459 0.62612528716803 0.484287712708052 0.40996227176272 0.23029101921539 0.203347975342385 0.172472763472925 0.0909966488670405 0.0412801896144498
200 0.0598306652335011 -0.0423358929682479 0.023105968067747 -0.0235750438940648 -0.00417350490842994 -0.000560029747100683 0.0183760851352117 0.0201822985991626 0.0622311647990836 0.0260854650979438 0.290241439474468 0.504950931489047 0.706917586914499 0.769159528558331 0.809228623163169 0.722071605944679 0.697878944131692 0.561651096302638 0.407392901605659 0.325585095755356 0.252587640642442 0.235437662463689 0.151018817335329 0.0121655545175154
215 0.0556065957151139 -0.0675965702193568 0.0361054912881204 -0.0711435619852493 0.10286533483282 0.0789199621621228 -0.00810680461890677 0.0417569298570705 -0.0243658000128836 0.101114476623333 0.267231869239921 0.455287763162131 0.681583973714681 0.755300969199716 0.852311152836725 0.755365527358807 0.648111675581308 0.440938412842555 0.292821625850789 0.385164934587896 0.18289939712269 0.166740682247819 0.126545632729464 0.0255435999539
230 -0.041890140840578 -0.026581851522882 0.0444087778830955 -0.00683990534420852 0.101525638733898 0.0631128193020173 -0.0187834621670999 0.0786573061269348 0.0281654493481293 0.0480605963499985 0.207679736985046 0.493203503376171 0.573450101124561 0.855460988053038 0.806569725159089 0.741195327251563 0.633554508304478 0.540298433398994 0.363654193600279 0.291290048562882 0.249751608424939 0.244005837529535 0.233067155841826 0.0904846488329665
245 -0.0490241395577055 0.0876824754618791 -0.0230034019810205 -0.0840986290030854 -0.0469416568710822 0.00990579330704179 0.0341126627873842 -0.0198124042811408 0.00182446760614955 0.122435314756525 0.271954412441838 0.48287840204515 0.644400990145115 0.767921288634803 0.803081929950303 0.775716904433679 0.658231251767783 0.480497366620374 0.351649369114098 0.311390719882784 0.234819303989304 0.122270287125647 0.0855152713395591 -0.0355938942598164
260 -0.0728650272468113 -0.0172150098999882 0.0389681940753136 0.0367880746165195 0.00492446283892163 0.0347643567779127 0.0243100424775727 -0.00630086696950178 0.0569409193042693 0.165119239239699 0.245596780702358 0.48971260579044 0.653831238844004 0.786093264280799 0.756860076645915 0.720705268471129 0.662378660918777 0.533944700136795 0.34808827512494 0.251535649535359 0.269806508455862 0.181314552713604 0.0824904225919747 0.100600183563846
275 0.0203831698571662 0.0202547019911266 0.00835337032350159 0.0063759744032101 -0.00271953133394913 0.0394247638116008 0.0357080614484567 0.0188384236745918 -0.0164550370792926 0.0320501691721953 0.212874681181817 0.457819861835616 0.633614868108942 0.671959068324 0.818220268679634 0.715325061168075 0.643770321041102 0.506908798951658 0.412761543676173 0.192193394343622 0.120413292172479 0.204999192489145 0.0452689938993885 0.0691835569923348
290 -0.0624103949592201 -0.0746118138442985 -0.0270407218624392 0.143493790866258 0.120638540168034 0.0285489483825161 -0.0182248435505052 0.0124302155751707 -0.0373532445470424 0.0494657659559367 0.244104621390555 0.470213665275005 0.640147637635715 0.73790155537568 0.850386212405766 0.661482439782788 0.516293201244815 0.48086811619924 0.435818055867899 0.166483020960527 0.275199358536664 0.227073748503113 0.107174991284865 -0.0196332113767011
305 -0.0891291703063198 0.0334105956567537 0.0615916474230575 0.0151060681371261 0.0892566183881206 0.0349627043266353 0.0251049328559176 -0.0325178387025267 0.0965652815886183 0.0228055658116787 0.204469757799982 0.38221242885731 0.726090018337553 0.786261389051362 0.789620142453496 0.738989230898287 0.624697483304033 0.463197706833714 0.286693537185156 0.317687827483532 0.0809329718813026 0.168628951938108 0.106201189898918 0.0766349784611195
320 0.0975964573880221 0.0240584571003027 0.112189015261538 0.040643323153812 -0.0077777274340768 -0.0459920246737907 0.00547092302202156 0.00741174553308402 0.0355218108033187 0.0081959528360695 0.156449291400384 0.479584601657189 0.506036988424847 0.798538378758757 0.698250666143039 0.765160562015415 0.573787962874048 0.448307677734405 0.377299964478576 0.337635467433513 0.216962271521919 0.156660831619435 0.0589981978144555 0.0314167005213435
335 -0.000533367088189075 0.0270073459021066 0.0749177903612497 0.128776022102419 -0.0392026771243682 -0.00915388498902171 -0.127373124893049 -0.0131099803439529 0.0201909031616056 0.0420628626980584 0.213577160495527 0.326682363500974 0.55305500737162 0.72190838267237 0.684963835851859 0.676170987566807 0.623385504528623 0.492546847262128 0.25670852913361 0.239036637012073 0.200943562144391 0.0635310806251292 0.0313908042279507 0.0724295312734106
350 0.116028590141202 -0.0385278581577684 -0.0496890996951077 -0.0411603845459716 0.0565233452667396 0.00101323674607043 -0.00246501660033545 0.0649243320675798 0.0901868276416826 -0.0342883071278058 0.327454486482436 0.316168531975112 0.643936285947419 0.620355874731372 0.780363029098869 0.656378436684505 0.569855054590085 0.403674217704223 0.29631258554177 0.248580792086784 0.20283554087809 0.149100531483878 0.163763804825188 0.00133590170493118
365 0.00737670742452325 -0.0657838682203168 -0.00776319083124847 -0.0243337453661624 -0.0582223871448976 0.0149599873018527 -0.0233017045770332 -0.00168587052521286 -0.00939475940876964 0.0836174567338247 0.219173555359278 0.367472099645091 0.604606965761661 0.696579029535491 0.706189470034953 0.690499993178485 0.543010157479396 0.446846514103953 0.380230362619429 0.237928725852346 0.138962329401081 0.230883750878689 0.27630132713332 0.0700687524863883
380 0.0101724250470427 0.0138216570954435 0.0260917888145559 -0.0572033942449206 0.0385598969903962 0.0171242067602511 -0.0041730686904855 -0.0720131166096403 0.0460430355416486 0.0883413712866119 0.1837207655316 0.403412399718031 0.558473326101505 0.702707133771705 0.712155742199392 0.623622132669885 0.543477580780518 0.410587392461316 0.342165325489204 0.277946504997877 0.2386256187669 0.108323163139736 0.0803586988503585 0.060527525325154
395 -0.0604324483410186 0.0339333395367881 0.111200863605586 -0.0384878952444789 0.0775576618073537 0.00114044027418116 0.0106013074324254 0.0981015983760608 -0.0286059701636146 0.0700561909433692 0.232627742484597 0.403453060850325 0.511471896056623 0.646145586122471 0.699054049190795 0.629142209919922 0.667820383803578 0.375459552783532 0.277127234992765 0.353484600891308 0.189168074303793 0.050975154528662 0.08948018413788 0.0162955009057936
410 0.0542052075106916 0.0345023226958592 -0.0646406186008757 -0.00372728335650487 0.0183452122786588 -0.0137456230321286 -0.0526250720688281 -0.0679235606974019 -0.0110245574664493 0.0885205173969186 0.175019105909625 0.441096887836989 0.56818242548363 0.632268932798436 0.685657325774146 0.576089958398464 0.563325778453125 0.397220432915498 0.212007970296267 0.329909355647039 0.150990096057082 0.171822064440632 0.0971967876676909 -0.0887493794963178
425 0.0145553378716369 0.0370857010687746 0.0265749789289602 -0.0470659014170816 -0.0196860417882948 -0.0549943486405433 -0.0487429293374639 -0.0621010848099686 0.0826550814541073 0.0998876452491768 0.136346536273059 0.435528778736882 0.546824332964108 0.623510081091404 0.691897495796707 0.601069477410994 0.624951874304895 0.390387157633126 0.359491124066045 0.326712732438228 0.121329919033291 0.105290226936584 0.0957231589002742 0.0447643093726488
440 0.0471331243032662 0.0741897874881304 0.0423041057089167 -0.004054542107488 0.00526071905103768 -0.0471113802537449 0.0285478662473821 0.0153444554691746 -0.0281275882932256 0.0304891046462775 0.15007332887561 0.348804485882238 0.466025170963469 0.746731505263894 0.719864618216475 0.694940985090176 0.493911850205083 0.486534043187401 0.351825581229391 0.23238071285804 0.181017164654647 0.0223802448485426 0.115878759713756 0.0868049471759948
455 0.0248845954887223 0.0459641187532341 0.0590719234401738 0.0257190966852419 0.0025638047596938 -0.0326232693545213 -0.023596357599757 -0.00965470622348533 0.0404687463819035 0.0989116154105458 0.244127066986167 0.403182697227509 0.495451434647236 0.716849944153312 0.579250501743123 0.584708803695908 0.445069487198419 0.364315568932808 0.415343047031764 0.313088275301909 0.164121163746518 0.0807657170979448 0.0635496748540947 0.0155684477287235
470 0.0616434909482985 -0.0209455245343481 0.11405923699272 0.0651298691053405 0.00892599980599703 0.0392121990546897 -0.0390343555651303 -0.0492611017249741 -0.035472447328372 0.0871556309511975 0.242875932732343 0.390636335668478 0.551088723446517 0.614424542629341 0.593067724266949 0.640814222286994 0.470944169808473 0.446094030950097 0.380413587571524 0.184851407813882 0.230659863579727 -0.00647458225858048 -0.0359994798263978 0.155931401640788
485 0.0122938705641403 -0.02455982572675 -0.00288116875452935 -0.11728305576311 0.0140736811375417 0.0170971833377907 0.00750315709869071 -0.00019589042175975 0.05989726876081 0.0549000033026361 0.164056338250437 0.420433255866583 0.471038025990221 0.517444638099606 0.633199433404723 0.515352951532229 0.503321047861221 0.485402732851024 0.295380638020613 0.20086394103164 0.117356352484862 0.0912459856600903 0.134019898345602 -0.0137909858897778
500 -0.0575388724500526 -0.101102023957532 -0.0417754296366755 -0.0620526925301912 0.0433358812504047 0.087511861641255 -0.00959556125370674 -0.0139659478864554 0.0381926989149366 0.116792179040166 0.25410967313668 0.355951789767661 0.539768070308893 0.569853543539604 0.608935264252075 0.63845475558665 0.486392658987712 0.306241721096445 0.296885570993089 0.19333268899402 0.206615426549045 0.103968133567706 0.091186753039255 -0.00421734372700331
515 0.00651221835648424 -0.029538005506516 -0.0220709709690242 0.0266371210786638 -0.000353083187303044 0.105061959962162 -0.0177750798490509 -0.0845320891440696 -0.0762674906293134 0.108976618593865 0.147325002514129 0.373392949191272 0.540929776224086 0.571111258198239 0.713504257049999 0.536856355330046 0.530025628996444 0.27280864839489 0.289829193427496 0.224361486501978 0.178089384429602 0.100186879153235 0.0884750692271365 0.0419442244527257
530 -0.0463219198974634 0.0379338389305774 -0.0137833870085844 0.123596840457015 0.0231804902100388 -0.0560583449483403 -0.0307919369381077 0.014258703135279 -0.0712036450745533 0.00592927397510827 0.205235280333835 0.321848234443715 0.49302462074229 0.541731768184983 0.585733373098774 0.466201132547353 0.434104008287256 0.420957599184746 0.275411320284895 0.290104452221855 0.102930881515493 0.164735552241446 0.0221134259603107 -0.0177618749642574
545 -0.0034618268770596 -0.00495013745898575 -0.0719146040702199 -0.0582826505459553 -0.0427699846471356 -0.0134340502238867 0.0124507448416225 0.0656793471688047 0.0495819080592444 0.092640395216254 0.0559026299443693 0.346076831436265 0.495083529630412 0.62356083698205 0.561836509531095 0.550761053200511 0.446786837575074 0.415073618199094 0.192459466498212 0.189036574019086 0.156955703469087 0.143686178228813 0.0765808314786225 0.0908967389420959
560 -0.0338854507406566 0.0378938037676802 -0.079060182745146 -0.0498029568177297 0.0818205776622162 0.0210216212595161 0.0369967848359659 0.0401934831898856 -0.0374861347014303 -0.0725467192105273 0.180790640318473 0.297644761974841 0.49659352148434 0.558164416185785 0.548772908183683 0.494793571806262 0.421711864775213 0.495091932472191 0.309339668391756 0.259305730502974 0.151290170532478 0.188254974914173 0.073032001252255 0.00418878565577511
575 -0.125800011074656 0.0501400391380762 -0.0322905802431634 0.0772160177662451 0.0110989582691023 0.0981366340465296 0.0253878887273484 0.0461103661996328 0.0588173757058296 0.0120437877969203 0.262314840867116 0.239376289967854 0.504393578858783 0.590132322412784 0.524323947351112 0.546934056728859 0.529321689961289 0.329737528590657 0.32314926473106 0.253107543919022 0.232064610980367 0.191041121000119 0.0833279717594671 0.05324854190121
590 -0.0510853176426578 0.0460599280092777 -0.0268582334011979 -0.072563885319507 0.089816860870661 -0.0895412586193413 -0.0317084643437805 0.0280747877397422 -0.0972554478777812 0.00186332310295419 0.0681065546996174 0.381086447297516 0.397047361214933 0.556314974772637 0.636578353266205 0.528268376893566 0.44304227197344 0.363776130018715 0.236104466011274 0.164597041938363 0.163291614380126 0.0899485905623372 0.0806102990517356 -0.0185909372488573
605 0.0874009444634713 0.103897695773821 -0.0512216879046622 0.0641013417658864 0.0250630053420328 0.0608402625407831 -0.0846174866011763 0.0109245355731708 0.138505340309029 0.101738422442283 0.123338208405656 0.352811068664075 0.41100756576357 0.469542015339232 0.56873201476301 0.643808951719979 0.407282192646903 0.290468322181121 0.246445865666832 0.11476168891882 0.120293610729367 0.134601805410107 0.0295291280059728 -0.00254243491579721
620 0.0223665800469641 0.0413104617701449 0.0160962732601395 -0.0620191158674863 0.0316027841415453 -0.00205672464368298 -0.0420216293581591 -0.00685343710221632 0.00149982414376538 0.112816356823033 0.25275536700373 0.299945611397634 0.412321508121029 0.559197690274754 0.59117495493659 0.543039598793598 0.499262077833373 0.360435643684028 0.264167545204429 0.213332043619792 0.193244033127439 0.134375234094104 0.0966308371865004 0.0157197703460968
635 -0.0165091005643355 -0.0260580697232495 -0.0668020701794841 -0.112357488488161 0.0656558928601948 -0.0141867674770782 -0.0592030371184263 -0.0621962954535343 0.0462974766668019 0.0532774041232584 0.162368246390305 0.256108480596577 0.497723975465003 0.526127406377737 0.511521120682102 0.57083953239572 0.421785923063467 0.332106298510093 0.194047708477453 0.116325065341027 0.134551155003168 0.101136220422883 0.0748626224066521 0.145110924851355
650 -0.027279047451908 -0.033048138862804 -0.052154394345462 -0.029360625166223 -0.00214621705408754 0.0375427934943428 0.0276808281923859 -0.0479041150943573 -0.0481201924496364 0.00921398099675784 0.232858060095547 0.232251466426267 0.580230241804117 0.478049517078841 0.530047322968374 0.563846975366423 0.496470961614187 0.405513527502069 0.226951040423629 0.177482200777163 0.0575474553003815 0.05767179260134 0.0578719859479388 0.0199829776879564
665 0.00948453727384243 0.0793269364631293 -0.0269806229867479 0.0716384214295116 -0.0361260393162161 0.10282346808028 0.0373713153946004 0.00532042173843139 0.0806943665699085 0.0946237021842971 0.175836263526581 0.279485901072794 0.474719018687856 0.475449634942217 0.550158734960929 0.497082799519698 0.356838311116288 0.391039698641672 0.211203871850928 0.129340235229593 0.170984651039656 0.148989455533165 0.0505603342741407 -0.00689725145874039
680 -0.0527367828215134 -0.000570380199481563 0.0852959201659677 0.00327832070393947 0.0223732538493415 -0.0010269263505214 0.0471856157832329 -0.0886795352567401 0.0349483894574636 0.0507666412871842 0.252482414270316 0.320686470380736 0.469896662727042 0.515699829173887 0.553575195963633 0.481020248124888 0.485986019582487 0.344069143329188 0.21369600870045 0.148974722001961 0.15614676904936 0.0431238850672714 0.132659033706902 0.07670647340423
695 -0.000223017234745588 0.0548564154965539 0.00250906295890995 -0.00306997585019224 0.0294464311385034 -0.0513839018201928 0.000900678103765071 0.00141934556016917 -0.0116638278757295 -0.0234053031850177 0.148621353714752 0.325780697094396 0.319760434135958 0.39361328992294 0.531803558805042 0.393182382510247 0.408803554139191 0.373604588292199 0.275884283468558 0.189400332318799 0.200304804748884 0.111458033819164 0.042970702589452 0.12031776991901
710 0.010308074360836 -0.0148701105045278 0.0509815050333791 0.0168716457655386 0.018125461738342 -0.0258756075238883 -0.0905191885139682 -0.0266006460013466 -0.147142745865955 0.0999277185128291 0.140143377136146 0.285396951490561 0.360206022212511 0.42981287613795 0.500188988407157 0.502607216081875 0.362087274970619 0.304579965265596 0.278802996541553 0.159721532036706 0.119631775734648 0.093183201889756 0.0718774575188324 -0.00042348720273392
725 0.0225697213267636 -0.0337829702425251 -0.050052741673268 -0.00716083171119632 0.00379514207780185 0.0486074041636643 0.134358513791424 0.0857979166100739 -0.0291341053526125 0.0966079845470983 0.0425634291457444 0.257947473784 0.384844805524714 0.483174646798213 0.506746206499122 0.514201742310724 0.327975903611448 0.358889336811577 0.245760062189618 0.195349169674752 0.136609431079214 0.109387825352808 0.0867235050853922 0.0220747485574025
740 0.0381944367675562 0.0405030601840342 0.0102359925208362 0.114744752035451 -0.0309117520143224 0.0230047407136834 -0.0515941254093224 0.062812741521744 -0.00404334425399575 0.062225558143208 0.0881107082037725 0.35362915079317 0.406634209128778 0.454246123586467 0.469502446549817 0.413047280200527 0.516223780347522 0.270024292608368 0.220648793580404 0.297173957474678 0.0796954860223494 0.061166144507418 0.103626287641469 0.0644967439074417
755 -0.018123263345768 -0.0897512262114932 -0.0907681597417962 0.035025081668713 -0.037453198745774 -0.00961979987302868 0.000742996715282043 -0.0206615216480608 -0.0378421045970871 0.11271818821132 0.11582648556753 0.266778984824052 0.374927022820218 0.440997955027592 0.523772083144367 0.397638117596004 0.334728228324311 0.354758405455679 0.225871302705004 0.239643635038812 0.141471625551892 0.116780403581069 0.097929557654834 -0.0149616504996462
770 0.00836421483512413 -0.00244763406086429 0.0921452574173563 0.0150691703379952 -0.0703221524930806 -0.00492845526198389 -0.0259675095473096 0.0228048933293948 0.0321014287453621 0.125513044298953 0.187932936440459 0.275347114354571 0.437117780087632 0.515419013178244 0.530909222820616 0.488916901314978 0.342608335262898 0.263007419522862 0.342130220050671 0.119753670829327 0.107705218228873 0.111307770997696 0.0373452066483261 0.0484682509078917
785 0.0250701805312492 -0.0996171420097192 0.0306388876012084 -0.0545342285923539 -0.0457333775565104 -0.0168569788531348 -0.0296666897376787 -0.0803280464343062 -0.11008815199561 0.149976820823436 0.128961493661371 0.236555476060713 0.395644215089661 0.456800257596782 0.370521181829949 0.47702237569517 0.334015024770328 0.232680078603668 0.220956470493574 0.221086166615922 0.0716291881363607 0.0890747689657329 0.0399895191522742 -0.0572914728136066
800 -0.00621633820253973 0.0544015393621769 -0.0941037883840259 -0.0182143758923723 -0.021125760402498 0.054976711151525 0.0822805386206239 -0.0641278145841029 0.0150158600960874 0.0991166757895818 0.1977246315915 0.281288517818498 0.282527336751985 0.478271283049904 0.313383149374149 0.40114739269164 0.415852720212951 0.302937686047554 0.204611819168277 0.161982816738 0.117843355468171 0.0526844936551801 0.108961155315018 0.02293691061533
815 -0.0191860483072746 -0.0284765227299365 0.0777916890066675 -0.0668829912815243 0.0399325903315528 0.0372166618038858 0.0782489385285328 0.0383612400057609 -0.0295428850692392 0.122762840624668 0.232904073108174 0.292856448549788 0.36402186998459 0.364333214985316 0.469723686339897 0.388342113301155 0.376338455402953 0.295578372618326 0.212750878988496 0.160436639050496 0.0836387574328452 0.089270649503113 0.0491052104571258 -0.00982770809249227
830 -0.00112743361833215 -0.0223086561607219 0.0733807087899657 -0.0384579125342224 0.038008672141729 -0.00494778098820907 -0.0940634075290558 0.00711680386872213 0.00796226969381313 0.0296494246411505 0.165339282316124 0.282956582063797 0.316971413063344 0.483594812452549 0.533783225769601 0.392642622414518 0.315900121780759 0.332587823508121 0.191822536973068 0.184664863190618 0.0495721018469165 0.0564020293395292 0.0992279432123722 -0.00582665118926227
845 -0.0438444452902391 0.0391605700919821 0.00167315960342011 -0.0365024966543811 0.0540503260832564 -0.0455869470656686 -0.0676543089684275 -0.0479351233368473 -0.0320875291024649 0.120756162928174 0.142219980364441 0.273342806881442 0.358568323409331 0.4200171895153 0.449545932029906 0.484032761149668 0.345600276795792 0.329434286928995 0.225612535877366 0.141482049349717 0.0761637514118547 0.0145687063973653 -0.0414006405892585 0.0531328117899972
860 0.00993948065929567 -0.0735571886210304 -0.0620641562830699 -0.0474749756154021 -0.00820944483112486 0.062623024515787 -0.0644334955790967 0.0224225923488022 0.0231566794792437 -0.00569085909404752 0.0539014333912891 0.313951261785046 0.425260179056134 0.401507519847554 0.465106563769296 0.406228266189412 0.405274847888868 0.338669630682513 0.260242470046066 0.13753089747475 0.0747208183596991 0.033383775749841 0.0772118640652283 0.0165154119309054
875 0.053604478287387 -0.0727967903643455 0.0108941881206612 -0.0390356668569129 -0.00897108423355446 0.00608615177868029 -0.00270732194215022 0.0170421456934042 0.0742538925066002 0.133568654433968 0.17717758410537 0.271833033417319 0.312115640638121 0.395792404008135 0.45593466947947 0.423911716306933 0.324105190424389 0.279478397451446 0.217148148216391 0.124201593536939 0.178787827214882 0.0322595349183749 0.0517505058143278 0.0297739720739447
890 0.000204388580955949 0.00533502592621387 0.002118127497977 -0.00811589062508204 -0.0782015070037307 -0.00549547715974118 0.0131915475293274 -0.000603091015944231 0.0507269325533702 0.0235641830150042 0.215710077327355 0.201210733319096 0.402397297696808 0.445711439943636 0.379908142771961 0.403909569269586 0.378114134769668 0.319277381058006 0.177087197610985 0.160214851484455 0.127689485057989 0.0162794125753496 0.0663264263761402 -0.0162215267769964
905 0.00178367458336636 -0.0215540474030792 0.101178084546278 0.0513022861888627 0.0592539734230451 0.0112322907819159 0.0264363131947932 0.0226324370895729 -0.0575156168169061 -0.0212911676302571 0.107205812895736 0.199351162503504 0.297059846341296 0.326225063776222 0.433751560995822 0.465295519664594 0.287873472489135 0.215705893055992 0.217786112656897 0.0989038815577442 0.126061524009674 0.0596851925213626 0.0177653911836969 0.0465376317511591
920 -0.0406197149111537 0.0341481723179568 0.00478391204998209 0.0723291382266019 0.0519117598244258 0.0128167366900032 -0.00565634420358383 -0.0405493553446503 0.012616442670915 -0.00360695969155169 0.108082053007678 0.20151519228942 0.306542535433983 0.285631233308965 0.458036061965992 0.297480373015957 0.361963024950479 0.282871354837385 0.165490461182604 0.185763091783028 0.111569499951605 0.0856287125609234 -0.0630345097871891 0.0329634558815863
935 -0.00257323277843208 0.017615201505122 -0.0783971388857656 -0.016385117091094 -0.0538788942791543 0.0379985481090832 0.0292182031411721 -0.0263705901320502 0.0217067123194535 0.0340387299577707 0.165517909182657 0.205450950562178 0.344959135971268 0.30795176475904 0.363102776059861 0.395734363120531 0.335881583142994 0.251594757136901 0.152766938233947 0.181593902466147 0.0766724258174575 0.0211466057671876 0.0894326191989107 0.00789598021102192
950 -0.0344668961556439 0.0230588983090393 0.0197916810101871 0.0765663132741212 -0.0013899645314608 0.0803595451043013 -0.0676278913279297 -0.0329812592424721 0.0129396875184104 -0.0517387340363437 0.110864628028825 0.31731425336923 0.32474698939368 0.449143600493566 0.49833583304941 0.379254434609776 0.380978644051427 0.253606475614001 0.227687219965721 0.143594113619489 0.0201312341431122 0.134594754992 -0.0368862353774016 -0.0106518552684242
965 0.0159401636946123 -0.0718046523067874 0.038104854653851 0.0578006523349545 -0.0563938618216386 -0.120614907182716 -0.102101883385116 -0.0160569779781651 0.0738978098921054 0.0754173826586453 0.0358426933522464 0.193812829973771 0.448107428426083 0.396506544321172 0.40314005232752 0.411490345324962 0.383692789225041 0.222049968206801 0.231100342457205 0.167287131442561 0.188823809673258 -0.0397232784423798 0.00540553162500973 0.0649513512206135
980 0.0578807903720952 0.0850573425695457 0.0411743726495039 0.0733380631783102 0.0665618154465077 0.00798462287873605 -0.041834396260574 0.0195777304655525 -0.0290137876029372 0.100912513780217 0.0581183560210993 0.22045259511386 0.234217779135728 0.427358022829486 0.346767505265106 0.376723411869121 0.296452831013715 0.171166432486351 0.181908048261874 0.134955472111172 0.187632862153394 0.0257506664508246 0.0369446133988699 0.041222661424593
1000 -0.0146840620813284 -0.100903399045918 0.0564229592628252 0.0620722412750647 -0.00675651154609785 -0.0139279244882024 -0.0637172515329495 0.0131638776420243 -0.0124529251490561 -0.0437045094088995 0.170943389351293 0.243972970359953 0.318330719523179 0.393911394619694 0.401348046517431 0.289935255642274 0.283201101857102 0.265210309690427 0.138688493181139 0.168663993895995 0.11439453658793 0.111651926046576 0.0464930840315592 -0.0137475940175825
1100 -0.0264180135469339 0.0367488711361454 -0.00986981659831162 0.00934272567694724 -0.0569875500306376 0.0526110554199079 0.0235601413318324 -0.114466591067735 -0.0140660066146703 0.124522575224361 0.177732617974452 0.179036270964001 0.356967939085351 0.451595210605869 0.403148320284004 0.26470463765079 0.318207585205146 0.258178332852673 0.215537652222367 0.196075956386326 0.0741236592099753 0.121638781424088 0.0348516594883609 0.101546928835324
1200 -0.0109048383101829 -0.057322353151031 0.0244621255302492 -0.120510553075209 0.0360321701816056 0.00416340967557047 -0.0956512694890187 -0.00124695505251994 0.0151189288178996 0.108363837427327 0.076718376231845 0.241601667185611 0.251220860264893 0.340752208625933 0.310668512964417 0.267121241853679 0.285690836290725 0.211828709439068 0.188753311978977 0.0301068101513075 0.0778032055814822 0.0746720423223589 0.0400590355623593 -6.56043461199143e-05
1300 0.0580704330295548 -0.0625594675564903 0.0333407547208236 0.0167829319636415 -0.00570323639770605 0.0174836958515613 -0.0164842727260648 0.0184982185194892 -0.0311170547544539 0.0110070428655924 0.122120671918234 0.0939793738913133 0.231208873710146 0.275447740420986 0.2870147903417 0.2382359728855 0.166104860629646 0.227554359857513 0.223454408630137 0.0881817741629874 0.13082533642646 0.041241627197698 0.0830001592671452 0.081249818889289
1400 -0.0035419081331731 0.0180673698930254 -0.0405451370698242 -0.0540027438748992 0.0124969456972876 0.00151047566884369 -0.0464774454808093 0.0294077559837292 -0.0162614377455444 0.0478931853563867 -0.00332545231012314 0.204575609961596 0.25323323222037 0.245999775518696 0.250651411914255 0.285441469222222 0.23288961396063 0.295443633978914 0.136833907492248 0.11380561908321 0.0185093302193333 0.111927825777435 0.0215664891751729 0.0258185535622481
1500 -0.116065844808838 -0.00927524816430421 -0.0286128778866944 -0.00218535718675867 -0.0667168137173974 -0.014763961053298 0.00673190803223467 0.0964845184936819 0.104870513148598 -0.0221884862989494 0.0530271929556293 0.171650155443607 0.171041707026821 0.230429868220574 0.247038898052304 0.263117258822111 0.165356665948574 0.268664053777515 0.173145440405443 0.0338941043219017 0.0760151286410571 -0.00974397352784405 0.0534735532822425 -0.0248838044687232
1600 -0.0230626361153245 -0.0368450383500779 -0.0652783760150436 0.0526028440882446 0.0137972665724508 0.155275294598754 0.00415506797130488 0.0198256452273938 0.0840179917097715 -0.00440777654053063 0.0422367230093866 0.232538147133424 0.191515614434976 0.272461724703533 0.168642356517177 0.176136329943021 0.120048612183716 0.140022247951732 0.0278922163187185 0.0480803323476613 0.0726453163954299 0.0235400507287598 -0.0959057791261996 -0.0620495558174453
1700 0.0319907399160919 -0.0612669939906207 -0.0154806480648745 0.00848490831528037 -0.00552321641746094 -0.0700909223093319 -0.0500541878679317 -0.0951867413345861 0.0324181621590369 0.0336976598982229 0.0671303372066544 0.10044885324168 0.242429006545767 0.273915905589128 0.180654745864092 0.128963394273352 0.19320769736934 0.0884240044054728 0.141913424840604 0.0557410521164337 -0.0852083364849506 -0.0402997721830272 0.0298321732799688 -0.0440681845472821
1800 0.0227391363003491 0.0159056020186113 0.0358505573761874 0.0150063528567298 0.00252327787418342 -0.0536541177869345 0.0127641745043262 -0.00558278746001588 -0.0142333159888713 0.0645085964737051 0.0224446125614891 0.110632735017187 0.156063435203138 0.244185046501737 0.134496027331104 0.229182534982318 0.00682127666022747 0.100285669424196 0.0221131509299616 0.116938365808302 0.0197829493529137 0.0487849501064213 0.019006981898377 0.0134718830892729
1900 -0.0325128673783006 0.0382687012611249 -0.0319805567328076 0.0554628712351441 -0.0407822953549752 0.0185393283273661 -0.0106257467863372 -0.0813601459383068 -0.00497395195190187 -0.0189733982863998 0.027374290902244 0.162377416186076 0.132463354752762 0.15174477858879 0.155181460289154 0.224726559661168 0.0943706949820312 0.0411440630881989 0.0467934994468503 0.0584039850183081 0.0211493726052335 0.0112638419251019 0.0441897136443158 0.0194791143471864
2000 -0.0997007313689765 0.00753416793436223 -0.0538875723420164 -0.0359915027211333 -0.00686518692159337 -0.0199671072656986 0.0500882996103024 0.0898942303292015 -0.0440553017781861 0.00182784720329405 0.0457634405893039 0.00624444929130606 0.0558829844733288 0.045795367562747 0.0801425223002548 0.132194880669192 0.1374856794364 0.0991139962944012 0.0925586472501683 -0.0353849253670955 0.00150178627001154 0.0575109707368747 -0.0101882505484358 -0.032613978353143
2100 -0.00989556281736156 0.0142721362342832 -0.0162989332968157 0.0939796280281905 -0.0179284838437639 0.00880798149246582 0.0259499655632687 0.0981767823925307 -0.0379893595687923 0.0421881545898045 -0.0115809452557632 0.0658018547786114 0.0893141704190526 0.0461643567726246 0.122574277081734 0.0846763090830517 0.150445929869127 0.099495249160481 0.0723591715704212 0.0781524210512262 -0.040605981880785 0.0673038085676341 0.0709530167117851 0.00524180662707575
2200 0.0581976194030011 0.0235576264631077 0.0390880440477494 -0.0208897851542127 -0.00252297218864278 -0.0620510443102978 -0.0188555115376905 0.0388823003671926 0.0600959950128428 0.0269823038223097 -0.0175619903052785 0.063825658552902 0.0547543437241214 0.0614204470569332 0.165440796669114 0.0732456947663735 0.050726378905494 0.0138468706876347 0.0030038856094668 0.0423196651591901 0.0529987896786436 0.0782079608110053 0.0238939764604331 0.0742577271240804
2300 0.0712163885294047 0.00260715452231854 -0.0376267290317627 -0.0178452768928389 0.0205506037706611 0.0213901962572863 0.0121678173802399 -0.0461587981714515 0.0420296251657732 0.00159804046087079 0.0724284638370827 0.0401377370271208 0.048085861869391 0.0878375535212044 0.12519390736603 0.114169134277462 0.0650058055431558 0.0707944092506634 0.0386074767569674 0.0259574107549475 -0.0111303625121757 0.0213767903921847 0.000931548641054721 0.00820892988894075
2400 0.0866492666614051 -0.021886798810219 0.0511717452930642 -0.00929561037006763 0.0891384819123328 -0.00439482943930056 -0.0106218198599581 -0.0331241501294276 -0.0960119095138356 -0.0171653668497531 -0.0219709166178223 0.0964087046019916 0.0976973031167224 0.0502238587003213 0.0867378690169617 0.113530606030752 0.101614356107295 0.102556951714816 0.0519907277756683 0.0379223432705926 0.101216121941429 0.00949877090454722 -0.0173655418818695 0.0107137780618279
2500 0.0250217401249854 -0.0388950010436103 -0.0245596417435765 0.0451849663407454 0.0442945557280721 -0.096078254695916 -0.0242316667896766 0.05719449274358 0.021383069241257 -0.0362436146903605 0.0789823922227758 0.0317427477099493 0.117485533859101 0.0197292395596155 0.217348700223101 0.2123344772571 0.122026957335676 0.0574980928669366 0.0115435880599323 0.0343282618299032 0.0735958838129007 0.0372265505627581 0.0582540267485104 0.0314268580985938
2600 -0.040178568295916 0.0702877065900116 0.0487492958274028 0.0503618679113549 -0.00576616273584948 -0.0120811877745401 -0.13768770697072 -0.0566652603610144 0.107535310696945 -0.0405726509508261 -0.0515536554789629 0.0138733204347014 0.00313734357074992 0.0648575621304119 0.092054447009187 0.078231026723837 0.0288020088340892 0.022581720962861 0.044110634316687 0.0631695897736077 0.138251422850401 0.0707363611543785 -0.0799821160727548 0.0768036676020947
2700 -0.000502868596833835 0.0777575146079449 -0.0787966200111117 -0.0141154175914858 -0.0664593306678976 -0.0901476174874558 0.0689589972340405 0.0151168157259421 -0.0149184076881525 0.0370326274987722 0.00848266643532213 0.0600192124691958 0.0168019872524337 0.018072226753819 -0.0262441898741963 0.0897762813224261 0.0503848480608977 0.0912542670312948 -0.00578720888389007 -0.0680739133662401 0.0288554793992733 0.0545456855172497 -0.0419539893831177 -0.0816011777252192
2800 -0.0769188590858904 0.0426367114064058 -0.0676924433712772 0.0216521362405603 -0.0843657193823745 -0.0078488711014523 -0.0134536160945945 0.00741081787454007 0.00896565315259243 0.0227106722630969 -0.0896051413512964 0.0270559255724037 -0.0441023751749921 0.0409315943240238 0.0900738525417127 -0.0020961824965825 0.0698318149299292 -0.0234800923698416 0.0503869310198959 0.0066849736148026 -0.00208618954026413 -0.00458831534886348 -0.0682996747751198 -0.0573306848070112
2900 -0.0368214504162549 -0.0751743311360767 -0.0289688625916872 0.048969536697849 0.0185207699442393 -0.00367804344758681 0.0711724256549288 0.067322467504913 0.0265847258011717 -0.0418067487037496 0.0248955391175096 0.0490302397049453 0.0401182543328244 0.176191087080953 0.119992239711408 0.0741431538620391 -0.012675491328124 0.0536307489529713 0.0666622010641209 -0.092837342405272 0.00189279790513479 -0.0690790843038524 0.0772773842742026 -0.083861019212837
3000 -0.108008701067999 0.0236077998967335 -0.043052209877583 -0.0110888128639474 0.0479901978605731 -0.0815464171367413 0.0862476858260568 -0.0405358987840887 -0.00325160548511654 0.0741525654861558 0.0268075509441588 -0.0482319289196172 0.100946523493745 -0.0216496593267819 0.121977346031384 0.041379668229618 0.0568271740292359 0.0388247352948342 0.0659085485826363 0.0131125225229719 0.0341501357134463 0.0132802865898343 0.0496820096010905 -0.0499420722317963
