filename
dataset name
Wavelength explicit
Intervalnr  41 
400 405 410 415 420 425 430 435 440 445 450 455 460 465 470 475 480 485 490 495 500 505 510 515 520 525 530 535 540 545 550 555 560 565 570 575 580 585 590 595 600
0 -0.0231147711765737 -0.0079687362224888 0.0406922727026559 0.0175515857054145 -0.11721639557548 -0.0364836686324963 0.0278976895084054 0.0211366232282501 -0.0318973266234048 -0.00457852211337754 0.0144893327322572 0.0705091803056291 -0.0650309129589983 0.0225768233920351 0.0340559707502042 0.0518764761835686 -0.0158447765659349 0.0477163710407946 0.0953308333338626 0.0907412252623874 0.0270895536016605 -0.0206220854809415 0.0463173614061059 0.00531372977158308 0.0536085391880382 0.0281349292273939 0.0333369544843069 -0.00657011230937457 -0.0456222165379447 0.0444437234705971 0.00199217533297281 -0.0489424994230307 0.0266423330526422 0.186328073081259 -0.103153424069096 -0.0962929077776945 -0.0572411942574664 0.0102810401802619 -0.0708343700410483 -0.0135531826519094 -0.0129179341105853
1 -0.102153926871778 0.0481602418508474 0.0204429612148651 0.108253299217358 0.124121178253161 0.101810488711907 0.12201367967036 0.120560935998325 0.14727218837834 0.0116934810947248 0.179310701567922 0.177802893808014 0.198908314201435 0.313761007655524 0.100549813549466 0.230309274721839 0.170048309231971 0.128528634095933 0.0642678660133089 0.107817049756868 -0.0083737992134139 0.00840395573795397 0.0539508862196636 0.028291838207351 0.0615007600449463 0.00790670644586189 -0.00181198859069303 0.0610330767091429 0.0850084514995455 0.00238000834694281 0.0579940648695486 -0.0110750134796167 0.0031923394842814 0.0836923595992649 -0.00948587857576305 0.00678435207805233 0.0744525661374727 -0.0796371728414233 -0.0666021788283264 -0.0163371705340878 0.00572934245116311
2 0.142357108191865 0.176257495848911 0.221375402229175 0.184373168941693 0.266826359803989 0.315962928657554 0.380527614194881 0.456348368163493 0.36275886733518 0.435970540770398 0.552784050332036 0.521462412530577 0.40157524177084 0.470342914426337 0.346264722868886 0.480659347691571 0.358416083952521 0.442298747621402 0.283225256038297 0.202402989300896 0.303484105299187 0.19869166762118 0.156449433878983 0.202715996966149 0.120804877604227 0.16129545824179 0.0772281975208317 0.063657674972226 0.00328073827118731 0.15626128075851 -0.00149068377982474 0.0232166047503625 -0.0243942927510185 -0.10295910971222 0.0360695067528953 0.0846681292360218 -0.0072334939794885 -0.0290972946859923 0.00187499633589609 0.00556600197242649 0.00354113736585756
3 0.157467582358972 0.250846194380759 0.292201152394674 0.456556054077814 0.472815430382868 0.521939202628912 0.608483367161513 0.593652062014839 0.729377917373735 0.830181329269812 0.778231712048752 0.731051113343086 0.73458627742774 0.929645129031137 0.705807366313589 0.742708358137892 0.689545333678908 0.685513319167912 0.494339143745405 0.504884717943612 0.367634218457795 0.310755000791728 0.375804515868541 0.203439738492583 0.212346449793427 0.154513071661844 0.260349264417606 0.0825720126144033 0.0161848817650215 0.12672893007736 0.0939730846682219 0.0769206792040127 0.0702184203136533 0.0339755343022263 0.0849353050106767 0.0723118032657826 0.109331543731234 0.0568106390698885 -0.0618994065535598 0.0261150652965165 0.03667106294145
4 0.245841878543381 0.252880208724113 0.353962917066401 0.48550392159453 0.50765791865592 0.528023867183109 0.626327168688608 0.72535441862031 0.798675529444885 0.838756017150581 0.928407787273157 0.855438365803206 0.942150173382365 0.888674139856712 0.769234328520435 0.823702101651857 0.769100943801083 0.633608816116599 0.715515181788704 0.536756437834268 0.529442177308125 0.510425459172975 0.385638296220728 0.225342988429497 0.213885033310871 0.376598570628399 0.207797975467218 0.0912127527131378 0.244486379715911 0.0849784009051454 0.124100972377903 0.0710878049698969 0.0217372344512157 0.0602169866553612 0.0132094825503762 0.126636068685906 0.0517151555838966 -0.02627755071086 0.0754308908130349 0.0528078507474957 0.00632436237869684
5 0.290337540145095 0.260374126950549 0.393731347627767 0.490503891059031 0.540934565068477 0.557070705567303 0.672255712967793 0.770251696765496 0.795905392073586 0.815462042360349 0.910410583449645 0.791590024718588 0.904934583066722 0.818570947903312 0.903938591355129 0.838456418517163 0.7443005137561 0.710262383365462 0.634794026036741 0.606528818582106 0.525433561320514 0.485772121135839 0.401037088756652 0.387589345263853 0.280956516019419 0.259678927139005 0.267960105613843 0.196871552087014 0.202631624306975 0.182376202289045 0.12825129235781 0.156793335903771 0.122042917582203 0.107417951941175 0.062003066032395 0.0675033155468987 0.0597623486133124 0.0713749980759474 0.0189492415076867 0.0753030586956686 0.00390358555432121
6 0.182809870649163 0.212413161703563 0.3396764423706 0.383718232726691 0.527206176076641 0.548717156977451 0.609042874063424 0.73168930870254 0.906973520643986 0.779565675559419 0.844862143869681 0.862585564263552 0.927346437794181 0.809073557205852 0.955475222629987 0.889212417013965 0.837664142424849 0.669245262195408 0.643814711714564 0.621720819935801 0.44748019545785 0.549439921686801 0.401288005372415 0.440950735420643 0.329960006528608 0.303226646182238 0.205970912167528 0.197354796498361 0.224684065690778 0.179009257155082 0.188987608181696 0.051797021317014 0.217037808793925 0.0462656991851809 0.15015616134289 -0.106635722562572 0.149159283509702 0.0247540291218952 -0.0999678569920902 -0.00725841922479181 0.0208762861781415
7 0.23136030687464 0.275740246508313 0.218153390342494 0.310530715742792 0.485539385356664 0.454967041390092 0.672585942199609 0.685975150869578 0.658689521251894 0.736150440057958 0.822882689921669 0.919330930819323 0.933807883393262 0.81952097755132 0.793748023983719 0.891028024762794 0.828498514923675 0.697608992765224 0.659151518915398 0.637910205959766 0.60144483343273 0.461032062942728 0.488674489290181 0.444004743818981 0.417575849149352 0.293097153578153 0.303144772433942 0.263121104748236 0.241198369390303 0.171093998103652 0.147157920826536 0.159005945188088 0.128946524390729 0.144873786736418 0.0906633484632375 0.100581582670686 0.118431201797912 -0.0217797320967417 0.0296283697001599 0.034426810484775 0.00670846122596148
8 0.178400209923398 0.305437179999714 0.271687454231545 0.389145286271182 0.42697027090321 0.517477652327724 0.544926148245831 0.651411451536855 0.718357538165758 0.755887529644318 0.823264996341213 0.772662924091897 0.886011301157466 0.920541592243806 0.796186748614148 0.792967613154468 0.750678303196913 0.76906330065426 0.682623376330274 0.645600172711193 0.553897945088568 0.553755958387292 0.519423929062013 0.51478309364951 0.436312531696997 0.386265444591705 0.300035983230909 0.280882343974356 0.220924247964116 0.0367409528435005 0.0717408227192928 0.193514022193706 0.16019002500478 0.0734072441157784 0.18593927174894 0.0891090337755793 0.0897342783659735 0.0801700162390143 0.0585912203296734 0.0800532335411385 0.111817287825116
9 0.194522740154196 0.238327679640588 0.318347898741898 0.375431016364791 0.388739180207301 0.545670032317819 0.551180781543901 0.524025616403017 0.758182923720309 0.748547282799552 0.761473513726636 0.812480073072449 0.838758981704593 0.916047179517247 0.786509775217209 0.865709831581239 0.79742051730135 0.781084588541857 0.693870443717881 0.774114429291379 0.674373203109019 0.603435226837185 0.466472036626087 0.516405479537683 0.380767974443756 0.382988740730793 0.317683318921917 0.353535101885191 0.302189250500572 0.197057441541144 0.172317905371296 0.188616877514066 0.162090216064008 0.115078148553894 -0.00795342970362298 0.00192901024508106 0.0355582963319 -0.0607558775983248 0.01553696917463 0.016163208715457 -0.0141210620359121
10 0.108899117208686 0.254710822981668 0.360707347008367 0.453459441022717 0.381782196635598 0.492121883619142 0.418553452052343 0.622033151016851 0.607377990835324 0.763201779353204 0.719345298484437 0.795153423659314 0.82750038308334 0.835716133614546 0.859904706957204 0.754753544165904 0.922786716569832 0.730751834618579 0.764939749526032 0.768326089545387 0.52360718241091 0.601323489693379 0.477768149033623 0.447422940981491 0.420071175158424 0.42774876613166 0.378811454646931 0.339147052645864 0.342694336042843 0.237487704126164 0.243181137766978 0.171133006845208 0.215714186700715 0.161910370794623 0.214665504270784 0.0900897089468233 0.127609591876008 0.0379785144826315 -0.00348059170418163 0.0736012797241962 0.103686587970067
11 0.178679966592485 0.170121452281985 0.197790640966127 0.395317063150401 0.357413350823092 0.390370731418521 0.459312732657561 0.563770517386305 0.569837547698119 0.5857746501102 0.681501206958738 0.76257988925674 0.788334001006529 0.816873577018565 0.812602921916469 0.749999266520738 0.759926537209609 0.79054463657764 0.759736244870887 0.66210284925775 0.656338866405447 0.616220036824952 0.574791236890421 0.561645701912161 0.552103297181713 0.452665823895204 0.295980045340814 0.385182624989568 0.210765123994581 0.288988997146307 0.126585300800079 0.16590689218519 0.102850431886375 0.112076772925089 0.00369200348997106 0.0713478484155855 0.128161599926184 0.0722475607259966 0.0658230816390983 0.142593991259165 0.0464659450464327
12 0.21461276269887 0.184876171039688 0.228690323376819 0.269912864694958 0.360078472885645 0.375942193190878 0.427196352573942 0.437143581053996 0.587512298129136 0.658536502781358 0.701901820770978 0.715097543521924 0.848592241888942 0.760838071675337 0.826367407277575 0.885177494371328 0.789774367255614 0.744224690238256 0.777636718349163 0.729246424992479 0.625776643131515 0.581282331085515 0.543693206351845 0.505490650404956 0.414611458909355 0.398252282149914 0.459721811551093 0.349864456581837 0.248529250736634 0.28596582698837 0.148671096754285 0.133442886904063 0.128871814702226 0.156819526624459 0.187980989892789 0.0905379083037728 0.0708227294318814 0.0949361098104284 0.131398281139877 -0.00742393277996035 -0.0503492540577172
13 0.23122689196404 0.174876353555017 0.223348189189524 0.227497044121469 0.290653408051979 0.365132662682157 0.507817950723028 0.495424567667188 0.625757478361559 0.607100230130554 0.661960909484488 0.678104949802901 0.748711942160535 0.740680335316485 0.831694656928532 0.803023602296918 0.868597598457974 0.797730630613618 0.730898889997834 0.78869177386354 0.749275148703488 0.6180194484669 0.669859936511621 0.608697468127034 0.512902205835875 0.496416191436598 0.5221171776721 0.404053569363937 0.285319982520581 0.294211358385535 0.248816962307022 0.138691727713201 0.191078191107939 0.2409441904012 0.192821050524972 0.143561488505552 0.0918582829105313 0.100721167351352 0.0509513379621879 0.0999615478546696 0.0268967216459193
14 0.0744754757683628 0.100486353216876 0.178784187976393 0.294382337392994 0.344126308416869 0.39942619975758 0.41747683363934 0.529254118605647 0.520476108851707 0.606253290513844 0.624624522398586 0.657869969129199 0.770165043953038 0.726007577376794 0.797014756133145 0.798685485540076 0.742877910024837 0.795080669572265 0.806445166536869 0.797177975658883 0.669967849531873 0.644537362972108 0.56366332532081 0.620374927276364 0.535291340951274 0.412860173291357 0.402570402371086 0.366689003605865 0.36250651102224 0.372152200553495 0.266120884319708 0.262003300041905 0.194404486674844 0.14773580219894 0.128475011939188 0.0972351746037074 0.0949984260787083 0.0987380554341149 0.134865445763357 0.0639363987144184 0.115185480672236
15 0.153385735170999 0.16731630478001 0.134907914445362 0.349266299293955 0.248901576580082 0.348894396563966 0.412198546523039 0.495407299938904 0.464446827926441 0.518798374645569 0.63162070525962 0.672217322049107 0.667270969731399 0.706294923095907 0.798801942364289 0.84179798907613 0.917473790789098 0.778933083602799 0.625212828094708 0.707376237371265 0.765597963362783 0.638920983728005 0.557040675956801 0.584370080124575 0.512640551737445 0.49612479441419 0.466133045071274 0.386148881870947 0.232823275575044 0.306592547772626 0.332662920695568 0.221650905117925 0.149221278518186 0.121303558363199 0.138236622001583 0.100631369465676 0.0321314018091723 0.167071596445004 0.153556818341978 0.0210460898369365 -0.00421806308781871
16 0.0945394123349477 0.178175986191963 0.285214278838638 0.177451638971508 0.209378380261561 0.28632619007505 0.400946487405489 0.408426227904123 0.498505327193816 0.552160980985258 0.56474073141338 0.718853105634906 0.701421640920746 0.711249360739198 0.710340471421091 0.778894500924188 0.764771589746713 0.748411631444926 0.840280922513207 0.831940563825553 0.706969545491122 0.730475504007261 0.645386154475482 0.655289094243055 0.484324599432691 0.549121766594101 0.55742448589306 0.411375156369942 0.355076527744857 0.268373735427054 0.279508321662004 0.171653392426712 0.127847196455185 0.223193752986267 0.179412951161694 0.0663795700988875 0.153443111305236 0.188062924409473 0.0241763862283459 0.0876022710403959 0.0699019240943337
17 0.139677497536039 0.180189926422546 0.257001389835031 0.185281085762829 0.282068162667673 0.241606362397226 0.341361554847214 0.466203136964304 0.37440521297574 0.472752883636791 0.544844448305126 0.597565389727589 0.585437107491327 0.696011201229799 0.757695069830129 0.74230398805623 0.771554073765821 0.776028814557558 0.799825091146698 0.734780733654831 0.747560669701946 0.792555255498367 0.68566016918771 0.602494026045149 0.547462531277032 0.437941554418797 0.42419905177269 0.365025254427226 0.302473875587694 0.307122159750434 0.318142597982593 0.282310650592436 0.200159438171878 0.155059039687906 0.176536882194069 0.153436568224801 0.0499738461826425 0.19814660305764 0.134293608771486 0.0750807550607675 0.00454310583910632
18 0.0985614710784387 0.204046024184971 0.103100089305171 0.300045298441949 0.276298133482465 0.329665878455994 0.365889257018074 0.38281232980834 0.382861011360407 0.544958110373259 0.636132156484169 0.615282020200086 0.678754493837906 0.74292509029363 0.722539497609673 0.787493716365341 0.79500385004696 0.826350204721413 0.774958067727702 0.784198638165609 0.824052654580281 0.7817193372174 0.682529303778452 0.679456360861832 0.714776209494073 0.508514083646618 0.483313627161914 0.372293210841403 0.369022341181094 0.333488345418986 0.315901087059056 0.304592874883254 0.313666352840074 0.1876670607768 0.18599332638642 0.177610150387218 0.146234668562901 0.0449276128017233 0.0890114698207667 0.0292812135295428 0.072486760177032
19 0.0893502313280794 0.0572893561079284 0.0701109798521319 0.293495708486341 0.2938854142166 0.234820665242306 0.410021136411703 0.404545653061608 0.493259433941327 0.447141243592994 0.506742805722835 0.611296250290394 0.584510608340373 0.744820502087899 0.680895581002361 0.69111100031789 0.849798930954886 0.779222163471309 0.823844379152066 0.793495174982459 0.725916994653601 0.747633921599298 0.680163923620928 0.525675611593177 0.587148961017047 0.522602592432374 0.608178973858482 0.429257111681492 0.316438759363245 0.32367349566095 0.348321083516569 0.165563342136415 0.350774059039154 0.232828284433974 0.245325450153153 0.18354233367772 0.0558920153051774 0.0738549238176988 0.1098730836453 0.0841871599017285 0.121949732542128
20 0.130430792127386 0.154855498158529 0.141799261528317 0.200928171216231 0.266686641407908 0.297965675409844 0.350227966215784 0.415561064996054 0.445093065079383 0.480994328344979 0.550778982893387 0.631543737630022 0.639962152036732 0.776626534157566 0.680700794980319 0.748913789001376 0.956813804641469 0.789455124347834 0.74327046071609 0.695620401125415 0.859314591349713 0.730300886009914 0.715814483519366 0.59964375696362 0.592894822749824 0.450948690287348 0.457456047434544 0.384153912923852 0.465099494582855 0.26822355954423 0.365164056225879 0.3724865703329 0.287003897077534 0.236430895268963 0.196308899985028 0.218983172112611 0.185014191604109 0.0546835724728155 0.18830837773846 0.114958923447503 0.0626764903403816
21 0.128500096472056 0.153249309530039 0.169008672630837 0.100309540638273 0.22979143138625 0.263601647719311 0.34059316420884 0.373201446341108 0.297533206532013 0.355662703488095 0.471527774784483 0.566725124963315 0.622826246868182 0.564609875621605 0.779253064755339 0.76072158447505 0.818021641152979 0.753721902787663 0.776680918460881 0.790923695964668 0.825357968278108 0.773978113776388 0.668315467569348 0.669980023174024 0.623606888934566 0.554442056638307 0.561691445401506 0.468736769454798 0.401885183540761 0.399650658783627 0.260365254746049 0.349282587942512 0.170450681202851 0.277860795198217 0.0864990844765229 0.0455168909715767 0.18201851518012 0.099903353013352 0.152337472754227 0.078232316087342 0.122816925048767
22 0.100282821208714 0.100668695783378 0.133304676160794 0.144840162468093 0.242417279915429 0.283567085648072 0.249405193288857 0.306381753361932 0.422013221787432 0.463376427041042 0.494111373626238 0.597138264558349 0.672175484623221 0.702735958332665 0.660767024788998 0.692478513288588 0.823512842464947 0.786682015586829 0.817222925662316 0.697978352408688 0.847292905962577 0.713987900627841 0.727181802290398 0.646676101197136 0.566004788000053 0.644693672303047 0.547059909842606 0.512895245950296 0.414420214879639 0.417288446059635 0.300034267928061 0.230686377669027 0.294741661171974 0.190062356376007 0.215058214417785 0.169412399082155 0.237975122320147 0.139081570588765 0.081765470244684 0.180193898516577 0.113305210322554
23 0.104930431409699 0.1354002130004 0.188877601054182 0.221486004698603 0.148430714292694 0.29037766035236 0.287064441679105 0.36612323733204 0.261567018038511 0.488171974657903 0.511552836001389 0.477985097563391 0.580694532136722 0.65334229379756 0.699189125698396 0.769918984254971 0.722397284645664 0.808038387071733 0.736666817782626 0.709560071519282 0.677138203802306 0.774224252101995 0.682524443322378 0.547679224449845 0.671074667620253 0.512967740845667 0.514004710864681 0.437231965965099 0.506622456117446 0.348181045096393 0.386795120177073 0.259804039853827 0.235639531860323 0.212886101126831 0.182324820509657 0.104728098475862 0.0882738108084358 0.135949429152454 0.0332440932379243 0.170517569428041 0.139089544537232
24 0.0962961039920404 0.0289729500813783 0.113149811008604 0.262420173843094 0.130595298473256 0.153319743433461 0.280444070042021 0.385825135215655 0.34086641399892 0.457565610390665 0.428611839192805 0.576887413192355 0.569292308298243 0.647560778523224 0.762324975917654 0.720143827118439 0.7965512750355 0.773451207171818 0.815418732560148 0.828282307222556 0.786844642946987 0.776218134191449 0.691684553705714 0.647485437663091 0.677856661101711 0.536706898401105 0.558377061427496 0.491712391217344 0.396065973482517 0.413550624392494 0.23868615307651 0.316017891524817 0.274052772450581 0.20036052089325 0.244525332229595 0.205313305568858 0.19829678738596 0.117622727972518 0.128670215836451 0.0567269656951829 0.146887953266081
25 0.087169861533304 0.105139842875013 0.0606312643943118 0.14600490564601 0.117543931902832 0.265006448747287 0.221333765577766 0.253007048254936 0.365292035724084 0.459088680471556 0.496520615493484 0.534477626700839 0.493984968388534 0.570721629091133 0.723622110309128 0.808609219050197 0.66979708198544 0.791143871144154 0.817879157836855 0.833226404519019 0.727201143956437 0.65695235391393 0.74429205924715 0.777454992308591 0.632192739959836 0.579724022656893 0.531180703342564 0.419240112685641 0.368725976643059 0.382208676720221 0.224314482566114 0.328999510974141 0.306169229800098 0.229254388193479 0.162268832698481 0.182059810747483 0.142552991149269 0.123818209165722 0.138962699169157 0.164987239119768 0.131793919159775
26 0.0739112383896327 -0.0670315142813589 0.18868591798264 0.107714616576857 0.171741736128135 0.238248633592279 0.248884805799471 0.27851763501757 0.266654005887978 0.326395451675862 0.46598732407536 0.464085636346444 0.614205510620435 0.643385381965717 0.733901765935233 0.735002815996789 0.773058485899655 0.755379639513429 0.807663360366574 0.868343260310479 0.843237154845927 0.874770026526132 0.765973612538264 0.643204889871455 0.65965727291525 0.603494666108775 0.592732151204722 0.549658925421164 0.421321071670571 0.389005414336125 0.364863041741107 0.256046227247298 0.359588513247597 0.340672839492686 0.196856616627329 0.127573737200116 0.16669221289067 0.112905085724324 0.175181762109616 0.160787627964146 0.102706572779118
27 0.111437502369768 0.100295744090937 0.0951055773949811 0.147439659779355 0.194233794028846 0.178981636885298 0.331195214052293 0.326583467269417 0.389835396169604 0.374121067097997 0.428045609562734 0.392048731996342 0.628565402157047 0.598732146325555 0.712133581179293 0.690678783110581 0.857125198838682 0.847783282521654 0.758536397372139 0.841645735201101 0.870662630312103 0.718552633544654 0.707814143918487 0.718288646377698 0.637941040315562 0.618229348863289 0.535605856415338 0.491162231433754 0.425404680794976 0.439318651490532 0.364619864744999 0.288148205857514 0.287285113032506 0.241686132566935 0.135608205513475 0.164863827995655 0.137564857869635 0.0928374383056111 0.187749619507481 0.06686933514443 0.0876022288682026
28 0.0976567405135591 0.16029378788835 0.0870375482721578 0.132686512554354 0.198577815867967 0.184364996531075 0.173846297722681 0.223154166603216 0.376157997626311 0.368068424480933 0.445515375490504 0.480462753396363 0.554147414586187 0.648090107038192 0.682548499448597 0.753387722522517 0.77213467618235 0.920513422190628 0.882804224910782 0.791625138558786 0.78243379547191 0.658517407218123 0.679048846998771 0.690988472257836 0.70363425457871 0.628405071232582 0.479077327847868 0.591161268479067 0.480852881890384 0.434936368085627 0.350080823578267 0.47827757170201 0.249062515148724 0.246610488139979 0.141204711678059 0.25640881328252 0.181223395802136 0.101091944098796 0.12869480632772 0.179094353227721 0.0925762818545074
29 0.0985501567567412 0.153077075297525 0.0828050174090851 0.0736017066109361 0.219960479614161 0.201245196485974 0.240794286739758 0.169687277150656 0.271220116599868 0.397073916006633 0.426864048029624 0.522775295807082 0.631137221782146 0.567684142478792 0.574574385289476 0.734987022145264 0.777048939541187 0.788264062535845 0.751172706603306 0.787548102992041 0.791071050816769 0.793991367793176 0.710095537797144 0.721815476038305 0.591622526374722 0.610504420714306 0.612953411249928 0.521875875386318 0.45240825015 0.38936959361828 0.414014603240532 0.374728124848931 0.325858943426753 0.276583367555337 0.130798359414234 0.161519291538596 0.106931016215987 0.0980784364526589 0.127814568332676 0.185238911746996 0.104973457573587
30 0.111070628424772 -0.0610171196721974 0.0937713305224418 0.142627989319824 0.155149495543719 0.201772533649952 0.150521832987005 0.221343229475416 0.351072530497959 0.342700180718502 0.371476070582798 0.4963043497835 0.528647735653481 0.788886637255132 0.648819957958083 0.735908291347739 0.779690735587495 0.832172796144501 0.752285388055928 0.869729903570576 0.738516908299176 0.803119956333113 0.665734551361152 0.716751515232349 0.668374926485687 0.747349040883887 0.633803664540536 0.617489806140079 0.402091857372925 0.386102942783376 0.435021141765293 0.400836112947273 0.331704754564146 0.192933433082888 0.221688169164026 0.104486108376166 0.119257451512103 0.115787606472613 0.142868061810474 0.134458358556385 0.0428092976324188
31 0.0802252395835477 0.0949207128399855 -0.0296873754564123 0.176842568354807 0.125569588856966 0.0753929164283926 0.213344484012247 0.290316876866441 0.295407649180112 0.331437652298346 0.334403948094965 0.453557376106079 0.491348371071313 0.57097232574508 0.605175359003853 0.740932448560508 0.769279563132971 0.887075832365945 0.797448123106886 0.903638603322843 0.861689225077837 0.80065914564408 0.776070585425381 0.723075588342146 0.71511634236123 0.611524430606459 0.587218973639951 0.545538205236551 0.467521136546078 0.453655027398689 0.428570572211087 0.294804279099016 0.338755089835574 0.30398648527712 0.0856358044210563 0.24715711746503 0.207107581912796 0.0729064206294919 0.176285638114477 0.148856299684272 0.0590604465842414
32 0.0423031444369016 0.0470892663559445 0.11593734544052 0.10256702629287 0.092560560978241 0.226788165881859 0.135626069463443 0.160280073722592 0.309118138983266 0.41648167775566 0.400790255005086 0.466057159991423 0.545552885588302 0.589673600176878 0.650136640801001 0.706748465819647 0.778121412056189 0.787727775975158 0.904237893470017 0.872297044263023 0.897397139081604 0.810991151792292 0.802302109705069 0.727555032496789 0.772327714248503 0.571223044037872 0.544175753383331 0.523216299975751 0.510251915674417 0.379992971574981 0.373244746339802 0.321986526734609 0.353354691252531 0.25570750728011 0.287492147745532 0.252984883878806 0.0233389074308509 0.205638006207036 0.13165781822158 0.0546282699999303 0.0647373948486362
33 -0.00717573648903716 0.059922924416231 0.113599528630528 0.128076982122536 0.132309607966643 0.0765819078876731 0.209624901310552 0.207778362914751 0.301643415565332 0.378532575026451 0.336879500941825 0.463496111533816 0.561327560351217 0.53625730415471 0.766811818448246 0.706431947533686 0.695140491637137 0.786308714373912 0.832077528512956 0.844177984106838 0.741156234456834 0.747236388311962 0.866197178067572 0.628222249712182 0.646133976548003 0.563428366671431 0.565201047471086 0.586838836646961 0.416614070584043 0.397873124679283 0.383613609760398 0.2724334128186 0.31297445738569 0.225493583588 0.19410648101989 0.165781498026008 0.155440715018625 0.242793128331304 0.104907888277634 0.199387024361455 0.0642194819484381
34 0.0203828929493782 -0.0528535453700338 0.104991544011022 0.104544612040466 0.110688771769651 0.0364106104486189 0.109470482285972 0.260528688469491 0.195790612590005 0.227987877046036 0.377370449844694 0.410554690196939 0.445526809254632 0.57554382943427 0.666193446883268 0.751495521675776 0.744176857016977 0.836801529557693 0.839454025932503 0.830577105323221 0.737031730433042 0.838265445375694 0.734017341076563 0.740097163160032 0.638831984049739 0.634984653590845 0.526750029159317 0.565920047913345 0.536869496980835 0.505085585947523 0.402840598828702 0.360514161735444 0.253527430483519 0.281379093866384 0.229072416949475 0.280340097970851 0.148182267426617 0.0809249716768709 0.0726287072654779 0.0773380116218752 0.0770712596433671
35 -0.00109209114049098 0.0741570143496146 0.0491781743550548 0.110427404165458 0.0922519282589135 0.182014416610461 0.167075508961427 0.207412474870352 0.151000320049776 0.288795683323993 0.289107296658068 0.443699994865355 0.431868419792711 0.69280730861706 0.618605552768618 0.796787590498809 0.7485987941922 0.755353987742626 0.815212977079967 0.915879940085625 0.886060615522246 0.879491310287058 0.757417553467896 0.749111961158667 0.692184550264091 0.620901828468548 0.526170033167832 0.514504007358485 0.524926188320409 0.446505813163661 0.283648770218081 0.342039272502858 0.30929969454279 0.255245288493008 0.289785368568108 0.190684757860859 0.208892332464903 0.21017216274803 0.126906665606822 0.0897558084015534 0.0890257289821561
36 0.025228580193538 0.025683672029202 0.071107428669226 0.0723207442320074 0.0695445011043834 0.0528797207130299 0.226630647094764 0.226420206249843 0.355260046777274 0.251005512071822 0.317783751660735 0.439684462992122 0.509662851150372 0.561218043140066 0.694378302804756 0.615542745987609 0.791568277772272 0.792719041639858 0.83889801657645 0.71005898213983 0.897185865086119 0.770014751453361 0.777567823188556 0.765585267853192 0.697200034733114 0.702948430711306 0.654758536513662 0.579938789625565 0.567013074844267 0.418595620527451 0.341875030456936 0.462084399202592 0.216285864247073 0.258391346213859 0.246331487456526 0.136510656980143 0.194166143481126 0.153986105171691 0.126262424218499 0.134051669616775 0.0526514954461174
37 0.0117580439717624 0.0679830393861668 -0.00900452013621601 0.138779508446288 0.0482598155602053 0.111715052681512 0.142289510664644 0.272635719184096 0.249611614986427 0.442131323871013 0.370891676779627 0.391314295900255 0.525287338760045 0.605708107794762 0.669988667603058 0.701441122547948 0.770797531881465 0.772001219239287 0.856176296532874 0.884239524553947 0.848967623174554 0.828435408547606 0.796498757753475 0.815273194247348 0.740127673936209 0.643370309578163 0.497502106364374 0.578622554597129 0.477762085164638 0.383933688504204 0.433823704355966 0.332321408464975 0.363503489492172 0.261634455188778 0.253602528014589 0.186007734750068 0.105882194858587 0.150495788815902 0.127768196889695 0.114250514009185 -0.0187932999485988
38 0.0261712099257707 0.0371424073106143 0.0775105439145309 0.0865783223490961 0.0448188229219252 0.0503482888277634 0.142259011641827 0.230173174086947 0.25021390258646 0.262106866432802 0.402912365981938 0.431021626988354 0.378185037132217 0.523003087430039 0.63697002879874 0.75362771820605 0.719799580766404 0.749437748750925 0.858880268654075 0.825940153950474 0.842874895627394 0.800500833938273 0.746024402232601 0.75037954933255 0.698343111386824 0.658644047255065 0.630357919304264 0.567700134724428 0.517193410624862 0.480499790347362 0.408017401851873 0.350306891771759 0.332644039198752 0.345991300265182 0.201800420863812 0.21500728660347 0.248596874770955 0.152826684196429 0.108684014937054 0.193802678735899 0.194274876135501
39 -0.0170989004091442 -0.00701572036849135 0.0156207785895986 0.0461555134340707 0.163062842641319 0.0229722234116832 0.212254458061184 0.208709640397168 0.165496219701498 0.337812384026698 0.352763332405564 0.430552893871808 0.404452573991693 0.641855446761638 0.625260525163356 0.64212196489118 0.797435364528052 0.816928142469974 0.890869863835855 0.777493695077159 0.799828723280595 0.81164077982577 0.833443866308468 0.763415711614634 0.676903663190237 0.57546682229962 0.584932910220024 0.532944870426583 0.454067803207058 0.418526672500942 0.332005093841771 0.304071320445475 0.3437294741864 0.242093738937689 0.169903688847575 0.231283216443353 0.228000523427389 0.173423852029625 0.099415117219219 0.0733986013263449 0.0529981750346062
40 0.00117367909669158 0.0585995135236431 0.119432640296344 0.0993257557528302 0.0980364716974769 0.0858819857505488 0.238610180633982 0.198015616705077 0.275791035951656 0.279109391407179 0.288508548879472 0.435497792408536 0.499701197824813 0.583443622199001 0.625105499082666 0.75588244422191 0.813527730078411 0.786916724149704 0.782110679743876 0.875010862121683 0.847743466144615 0.863845345269762 0.768757890100692 0.679551950984991 0.801365467224984 0.645745924361632 0.539315979005601 0.549723710488724 0.486331886582578 0.452431439432713 0.462873082222428 0.363833784981735 0.317728870706079 0.318423877424262 0.267560926488591 0.223181129326909 0.247771025434689 0.156285427471871 0.175769158786218 0.0836894145822918 0.145298350912863
41 0.0483574636900692 0.0695003957951796 0.00456500177356804 0.112358506400025 0.0601031079962845 0.135875218467027 0.255970219847822 0.110146354730466 0.305446097943032 0.273905646836689 0.311657482585032 0.439121744673439 0.523488248908403 0.519419698762061 0.624625898864459 0.675059639660675 0.685402852045557 0.900204460130296 0.811643376437453 0.783309528957649 0.807868553305353 0.829088515136674 0.837511158691281 0.756709128133762 0.691412507394136 0.645285130370429 0.595183983606267 0.597412346011989 0.447686384775612 0.508265201270276 0.424017343005153 0.314147113953715 0.191047498730811 0.279774720679758 0.226084366734631 0.266398750265197 0.127823462359703 0.10861314900315 0.122738307186743 0.124120985703246 0.0636394665943342
42 0.0396391851234231 0.0403872394781039 -0.0546843882403942 0.0576357209018589 -0.00104647036722801 0.115079087926729 0.107408162227533 0.204897479756669 0.28444893531235 0.287662247689555 0.381549599072089 0.418691868929293 0.454922096811242 0.562128461510284 0.65506645633484 0.725907646147929 0.755714054084084 0.647360707880979 0.838628093083648 0.848497059873335 0.932117960532389 0.911706594368139 0.707061890260981 0.674506452356286 0.752668439068796 0.589622251429403 0.598334935122949 0.610718148206204 0.555167370960389 0.438766827585835 0.370343855756872 0.302286285602633 0.28092129844555 0.258388704955945 0.236878254904347 0.216708615073438 0.272202401909733 0.159003101499432 0.208219622603884 0.139465770386221 0.119789944894399
43 0.00722275160635218 0.0640615100925947 0.0544542716399075 -0.0755160035492209 0.0840569619657049 0.063145086433351 0.0698483359452515 0.18516864897356 0.101717171014264 0.250458326219357 0.347481791585762 0.408060997038664 0.529076830182424 0.526742027582052 0.626438418750473 0.760726935030501 0.706169291197354 0.819477488365335 0.85748179008836 0.839384699644545 0.806778874602562 0.798201870676655 0.780455052392688 0.852519424575352 0.746366682746103 0.614792899292878 0.668661540042588 0.570185825387461 0.429800968385227 0.502106368817457 0.401798114583655 0.349722951957885 0.359289212780022 0.240660579860223 0.196195153203845 0.231484912337355 0.237679150336267 0.196198030853672 0.0914695043351276 0.258011299237125 0.088202356448314
44 0.0766166349755912 0.0106459482510204 -0.0380246991318576 0.137390026306537 0.0462333862169837 0.090673990669299 0.150907038665857 0.173611707407567 0.145962374304599 0.294167923660534 0.355803383652121 0.383231334068298 0.433614152586578 0.567116879832557 0.584721839448995 0.728505459404271 0.710290227257898 0.743772820845752 0.797736227571868 0.835826831872004 0.671486039064483 0.888415308167879 0.805686467492177 0.734840474148078 0.687460414587619 0.617232224756031 0.729040450827713 0.515559774289496 0.533587091805087 0.393883243389898 0.405195035929411 0.310354603892083 0.298933560355725 0.255024687033892 0.210039030010392 0.257326168540647 0.235592275910491 0.140986103072368 0.0386895954718897 0.0467986994844534 0.125314660851813
45 -0.0574541208393214 0.0963258506805219 -0.00508403790981726 0.0153886999265983 0.0636625217054291 0.0829174382570457 0.136089502685183 0.1518868734325 0.198199741893627 0.275670656246216 0.361402519763365 0.405639572749385 0.451369267873397 0.496919747494936 0.653910793229573 0.740849502338546 0.758740430342741 0.768081762755219 0.844975201161411 0.734677758281467 0.852293647470616 0.790848777315013 0.763418546564106 0.770189764057762 0.7926641271566 0.70250010293062 0.700601833983332 0.594022386234736 0.469137749271903 0.363524077484454 0.387436562044906 0.312853243123367 0.354900121418701 0.259980755035251 0.123663065872979 0.198054238865067 0.117530003017645 0.0918122155580398 0.12310789735075 0.1678277851895 0.00296185392998069
46 0.047440515012907 0.0125204955923971 0.079431883692097 0.0329423259395888 0.054623168088298 0.0832530849957223 0.174735288585279 0.0812873295996334 0.22369539655619 0.158798909956885 0.325758232823586 0.315115349878364 0.522736931699754 0.556364998047194 0.573437198111883 0.566318496577072 0.776864242879071 0.725441086891486 0.782959795000626 0.833785033871059 0.763219632360646 0.801201667720802 0.763535312408101 0.774344156627523 0.651652236410409 0.689099487314668 0.690980060280626 0.564081207896697 0.451228759674934 0.468364796972553 0.393529802325798 0.381802191336538 0.266488583584717 0.328607770923488 0.155891345512797 0.16704039557601 0.174859276575192 0.0706642807133619 0.176875511841319 0.156618657621562 0.107422866229933
47 0.100563819205276 -0.000141243044540992 0.130879376633596 0.128943694807969 0.100962875608693 0.0588813071045782 0.114344529678201 0.148537459823151 0.157411263493026 0.210851841994362 0.357861981809547 0.406835389538014 0.446855549684697 0.608279172286903 0.670045544832495 0.609636581921368 0.750781268011716 0.806227212533371 0.791157856425534 0.799260373985377 0.865846451740329 0.795381507686664 0.754846836413898 0.686415301225672 0.66227156836474 0.695797251659986 0.690426054452618 0.613546525384984 0.576825232874782 0.511714047455837 0.395471034170099 0.410979584228614 0.32649491649845 0.2352176847479 0.160142995143332 0.192690328600264 0.187836233436047 0.184508541695531 0.123731053524782 0.167387102250496 0.0881695542603188
48 0.000515364694165965 0.0794274158811823 0.0222660361537033 -0.0491509856363982 0.0560555057235214 0.0961519985336765 0.111417335288265 0.199817920413176 0.13762864940023 0.208237332833746 0.249421306570752 0.343080314572658 0.448041705274301 0.588270989987613 0.551859170699625 0.698991517422903 0.702012166952894 0.842446555329152 0.856597644978937 0.786867052638827 0.745894810199874 0.824945439606837 0.791001366245309 0.774474304133912 0.767058172114176 0.731075609051879 0.65590696833703 0.476544140994389 0.509137401584426 0.425938614536787 0.435984294988473 0.400098293174579 0.286310174666671 0.356576735566753 0.229810861384116 0.140243209237919 0.110101437492055 0.150271726454564 0.0525462627125108 0.0488724083605509 0.165066654839679
49 0.039184697279934 0.0816779908414884 0.0822186923732277 -0.0117178904327812 0.0480541367305448 0.0210491034032515 0.175780562015744 0.102880802138632 0.188183473777512 0.205055928464712 0.308924781361091 0.482557604162228 0.397693644079402 0.536487232160327 0.634607835002252 0.621011018161975 0.782202252068262 0.796446237612715 0.709526903770598 0.760901335981592 0.808619956671866 0.832542785870215 0.847884886527179 0.696663510763075 0.630210169914154 0.644263937685175 0.586429575373369 0.519200011006423 0.52033009415344 0.43943598434685 0.452943386413647 0.356402184159326 0.281285503491861 0.265915029810172 0.18555595508571 0.209448077768251 0.168504108823516 0.123853701107538 0.102400113307666 0.130559376665431 0.0791694439746695
50 -0.00915234319332523 0.0586281855860941 -0.0369021399772769 0.00410819314456688 0.173195382964151 0.0912898206811417 0.105072946360721 0.039994560323559 0.125877822763949 0.27975555510603 0.272991526452632 0.331863401043959 0.442095169557928 0.534113859253485 0.656492650974286 0.635606444753037 0.774256606611373 0.723663077328533 0.812337080499663 0.761069595271975 0.839315006696648 0.815001581773608 0.732346941194982 0.772259631146067 0.739178997391293 0.718885656457568 0.617254985368662 0.58269698653493 0.513137967864449 0.498317824639283 0.430440731496262 0.361128724331988 0.304397666033964 0.241740136874897 0.258313626766946 0.232146574399046 0.217452868627492 0.164800316565339 0.129588303023167 0.0875828810140569 0.0763404251399431
51 0.0166736656019147 0.0343536408930986 0.11690977005484 -0.0259849006857322 0.106638168413768 0.0528152882932953 0.128121708323383 0.218673995360649 0.271669372263865 0.297137738222594 0.296229912756628 0.213434410590342 0.402701311901584 0.534781229685269 0.651157774331101 0.729079463243608 0.670123468263006 0.84719899152888 0.84507804588371 0.773549138902728 0.808050710578929 0.836107409562174 0.777264866919972 0.717276661501557 0.716267837429394 0.645704125219383 0.531571787513296 0.487945168507449 0.535669689263 0.428991281140804 0.489903884859683 0.318524992129177 0.399293084793829 0.238923319015481 0.240541169472552 0.154538918920474 0.194275468784312 0.11868356445051 0.196726664257774 0.024692306798711 0.00377774908643616
52 0.0576197225049954 0.101873074736285 0.0286329772110017 0.093003340957396 0.0566219311067041 0.0505118992539462 0.115419859714575 0.0954505528129346 0.0748630704992675 0.17314770957453 0.348736433864502 0.42268530702086 0.341219530226594 0.554980873150869 0.580935844842312 0.662379145380828 0.732168186838541 0.755465362542462 0.778994648336964 0.875912563916036 0.718577530047799 0.765320292511481 0.756609496358903 0.712967984989503 0.742318041063646 0.715925219291862 0.568487459583233 0.692433439782849 0.576302296218666 0.395316610585241 0.433313894293599 0.370900235891525 0.321955500592746 0.283553439262327 0.213718057531388 0.163308751519 0.190501161548992 0.149289036583095 0.187614149842749 0.0671874405253009 0.103894540745848
53 -0.0297460947951018 -0.0295388525689746 -0.0115245542329494 0.0993393916308776 0.0115164134424277 0.100215458459855 0.0862940659704348 0.177722125340995 0.18837224760703 0.242909040982226 0.304118483370811 0.320536557636058 0.379045555215034 0.525790131370899 0.617696721037941 0.655524169989846 0.655431974914081 0.769725808404238 0.824864572880604 0.845969857297268 0.742451945965449 0.790634458071092 0.849798441874204 0.766296646846209 0.743238126752833 0.594464570840049 0.562884869778921 0.511702395001156 0.505067397314588 0.409547788110985 0.418012197634162 0.40573877365373 0.324184996484775 0.361316039049926 0.158174874205909 0.151199698819705 0.25064358913831 0.167588987317348 0.171911066283259 0.060020674388366 0.126562511963712
54 -0.012624055394271 0.0768066364060854 0.0460040146946843 0.0595248302111635 0.105094333729351 0.0413005772352654 0.0592330141911045 0.1490869837035 0.0600542423800706 0.154088802780352 0.244040821763033 0.376621653533963 0.412113107234273 0.533302772731338 0.472793166301617 0.637700426093505 0.783647140538434 0.755427777722726 0.755625532123826 0.822522213327548 0.769126364702783 0.833239479558538 0.873810325159271 0.76241046198083 0.669591400648408 0.625790179290044 0.551072707275479 0.575839357026625 0.562321736883229 0.441602994248088 0.443411129219597 0.306794435792137 0.392306303408233 0.262407901266786 0.204653190004481 0.204390958052178 0.140397689362733 0.0512038750104583 0.154800999275355 0.194001765742736 0.0838002077245548
55 0.0409352528950872 0.104620063187391 -0.0156070517149883 0.0109630990738148 -0.00233251913016614 0.0112796426770621 0.0666772998857797 0.19808388913153 0.132228070852092 0.181596225025542 0.254733618116887 0.354877069406924 0.428794637489822 0.53146264509433 0.598519517543473 0.566823808576739 0.720699912759149 0.744167057368014 0.796783740736161 0.892099538239328 0.890594836724545 0.85049058214082 0.800638545053006 0.7300351147227 0.667238399193422 0.700444512449326 0.675152744000701 0.466166325524994 0.383123534715972 0.372142292120283 0.394032661018058 0.404866053513908 0.297917527528636 0.268485862381158 0.282540242114946 0.276991600565004 0.21757166191286 0.10375350235422 0.0904006662707195 0.076601515796004 0.0662565646989998
56 0.0343590226952637 0.020667310279996 0.0261675310050286 0.0102830952964873 0.0401540656338515 -0.00162877655319878 -0.0161719732982774 0.110531073850884 0.228363224946336 0.221372761896674 0.221511486710088 0.395126797997207 0.470669963016799 0.50760175000176 0.56751814070014 0.54944606275511 0.757432732631151 0.756042611411456 0.785933755944227 0.884304717878507 0.800680100042376 0.813363655370027 0.776994498515276 0.703950834631874 0.740659718273982 0.736316587939163 0.628361480944103 0.661809558737408 0.531126966300125 0.489270206996522 0.436789171514942 0.321867172546834 0.337717195626057 0.283123360488478 0.261401787844819 0.174237329668283 0.231051681280664 0.0866782902097238 0.171460905281401 0.156737025694623 0.113311836440154
57 0.0532060355911781 0.0463107166195225 0.0275997696571138 0.00167413586161536 0.0835340045644795 0.0900530121980604 0.142989081693676 0.0951710015041154 0.207558725272961 0.194122234026668 0.261537174303047 0.291969232178803 0.415933416751667 0.528937747727392 0.599689197118204 0.629359783327367 0.720356017938351 0.697474643438266 0.781188850258872 0.846209500937137 0.868354738065498 0.829688088434416 0.839973994066243 0.748656501605853 0.74275094413498 0.650072989040329 0.61533013213021 0.586751196506989 0.519809519291309 0.476705610235617 0.499718815269675 0.375247966564122 0.275149269372567 0.275588999719432 0.221582829798755 0.174115263532706 0.112034220310186 0.0906566583966553 0.19162135080252 0.141963263129892 0.0353331245644036
58 0.0748279654679419 0.0466460902485331 0.0798875253501236 0.00252604539879741 0.0187718739197838 -0.0618879516913107 -0.00277093636675751 0.194476573279827 0.0789166134187685 0.166778201240351 0.238104155327222 0.27459592028952 0.404454338156726 0.492570890402276 0.571890617429437 0.654775389809024 0.692403192445682 0.803645664918794 0.715958400799497 0.739190054059832 0.811039269417736 0.833911418750016 0.746474822259503 0.734615670334006 0.640942517279422 0.633934462131269 0.600196483877208 0.523585445806127 0.506679875643827 0.489239353098144 0.388277066535189 0.283642915314198 0.353142077983026 0.234837440774833 0.124531796816557 0.203912305148573 0.0775448535899032 0.229882426588915 0.167586181811762 0.0717401230124723 0.110724556606056
59 0.0500465826639388 0.0750224258931878 -0.00792086254309338 0.0516552037222338 0.0194905204157306 0.0321973377367343 0.0454685377378032 0.213467485032465 0.0726534690225216 0.135268203313555 0.299819968142795 0.384304327522036 0.463024968131556 0.537064660046907 0.627985009822143 0.567898451084473 0.73220517127394 0.77526096227055 0.768706745026733 0.867260952936504 0.774777695611857 0.819986746498824 0.76452587488302 0.783039618342577 0.633239275056164 0.680199312650968 0.648635418184959 0.56107985166214 0.502886111550758 0.523419657945614 0.449565074354605 0.360894438139375 0.242746539905765 0.320793879225271 0.211974887287472 0.156006703165197 0.224767826143752 0.211147481215898 0.189056498161859 0.138174848317119 0.145429858974001
60 -0.042930305373424 -0.0283713296489929 0.000673129472089327 0.0717949542025911 0.0584564630893725 0.0604694170653865 0.0546013144670762 0.119445499992183 0.147016048297837 0.179994248617572 0.232858370285165 0.280220326729338 0.525436821173999 0.461964446387574 0.551541584685734 0.540280679731845 0.636376098987459 0.743824137036587 0.733189113553637 0.782693516170372 0.853224738990267 0.775876632763152 0.817612281949676 0.701391255663809 0.639227541085952 0.641180887924326 0.642069349731968 0.511168835084245 0.472477297859095 0.494487995708368 0.398186522405078 0.417092679166203 0.30662944420995 0.209270857080751 0.0895695537893426 0.255099565637459 0.163835766858775 0.189870340389335 0.145167487823455 0.138857746287678 0.0863973426311038
61 0.0180699436386534 0.0586215609854692 0.0247224877348909 0.0023825777264178 0.0420769430529935 -0.018915773752783 0.131598888145418 0.109986383251837 0.0942125601852913 0.195746190066366 0.290355124684913 0.248638532634149 0.397446507856649 0.489995108318528 0.59362523572619 0.69128576224875 0.616767317183111 0.78407201340679 0.752922187093441 0.777811048867607 0.736797400004882 0.776319655796256 0.76804825240716 0.724697793106249 0.690272389965722 0.646136707951412 0.551021031789432 0.459321265701874 0.462968262615914 0.516427716143297 0.35859923001598 0.346817315029504 0.365088507620506 0.2211724302079 0.323941663802823 0.188796493439074 0.295738433593263 0.13277847451909 0.180603349750525 0.0531690173065254 0.0749962938512589
62 -0.0101134956962903 -0.0723050522150521 0.0625226790322425 0.0400991716508262 0.0213716638045687 0.0486938437270217 0.0725051284036206 0.136676848874018 0.159993662729609 0.218863479647792 0.288307152396139 0.361473962907416 0.45771755091548 0.478909925378666 0.548538561051648 0.649717345151929 0.65370236125523 0.672596070344405 0.819098582319703 0.798921820153277 0.865440903382148 0.813048564214446 0.736586220965508 0.84217584658854 0.687938212193999 0.656238534149647 0.494432048304478 0.489357678486313 0.547608065836517 0.425372948019229 0.451677324255653 0.270718104644925 0.3748658723595 0.248748291534778 0.23636891293609 0.259957798783058 0.191492818469143 0.210187324851281 0.199549925215241 0.146792549891469 0.0767335457988455
63 0.00903682097383282 0.1163304328885 0.111610835423867 -0.0961464068922237 0.0221613762159774 0.080444812079024 0.115194975982529 0.0640839750386015 0.0884402788119091 0.144678525087558 0.228017650780352 0.316638743056408 0.420289733589596 0.420607621633181 0.58355541686212 0.645345672642445 0.695299585698032 0.784846336950756 0.736511279010701 0.787250704214294 0.834393836279456 0.756533707280327 0.767137631605573 0.662160866923121 0.803284458014194 0.696210244390084 0.533995532348022 0.496736632263383 0.48214042902376 0.499715186918836 0.41690278205388 0.430508720370685 0.302823611978012 0.254907521278071 0.297140686562561 0.2348649385973 0.173744522934634 0.0895274355148394 0.0806362249527471 0.109991149058439 0.118254769201789
64 0.0547139128292663 -0.0167038468656244 0.0951607728755901 0.0259810905824319 0.044032241739562 -0.0456317495640741 0.0517199507554803 0.120835125143977 0.0551467902357048 0.21560735589364 0.318700397180775 0.431208364736707 0.389400174294081 0.531331719705145 0.4861666325158 0.663985515305737 0.658293806000401 0.738062685369491 0.76013218927941 0.756430807924284 0.802488041544477 0.770003825043179 0.732979545302416 0.739878169222775 0.7116355893016 0.586502671890133 0.56641266652219 0.597795768057421 0.549142469028829 0.372943906466128 0.377011754790462 0.306888679998206 0.18682769094302 0.320812692814851 0.224765665555676 0.242103283459323 0.0881144194452689 0.0503913825612153 0.20467016427852 0.0980047259882749 0.0300673039834206
65 0.0221954856238934 -0.00453545891454239 0.0633257944962403 -0.0226372060951567 0.0537390634947957 -4.80997718252524e-05 0.148520457605902 0.0447735189657853 0.11223958844504 0.125956161038858 0.246387899014657 0.331942058640443 0.294436940257794 0.410388347899739 0.575051750716192 0.642773773434265 0.652583457392375 0.749484301116044 0.763823161227073 0.812354273188797 0.811568888615349 0.769262725688248 0.846275635042575 0.742150123765945 0.675004100674993 0.615707284686759 0.589175931726534 0.562407523368552 0.469267658610144 0.469836701249833 0.47979830324887 0.297966651052124 0.387711725774927 0.236203412156068 0.336591497355785 0.127838719383217 0.133709721721997 -0.00157385590824194 0.166605407804313 0.0654105996140893 0.0513424982553468
66 0.0157134876741162 0.023660591028678 -0.0805403300541554 0.0753541749864111 0.094086121056323 0.131211182866416 0.0878912417803086 0.0777636832466675 0.0707078163628702 0.154795511759458 0.210137162097727 0.29463407127755 0.33943652811516 0.530928751757648 0.522266794257359 0.559183394197118 0.718745559123185 0.698387802646413 0.74607985264017 0.750962503313947 0.790079464424648 0.691716286437187 0.73098642528928 0.696722117278245 0.65389419187332 0.665721948884875 0.662638807854712 0.518897348414656 0.436440959086923 0.520729472196589 0.297717516241919 0.315188902984119 0.273425487889172 0.257667799947517 0.187207969518011 0.117180541028665 0.104745379090538 0.160716448454715 0.163265218943521 0.100662247619339 0.0185343958170375
67 0.00153781908164122 -0.0523274069870858 0.0613170842215564 0.0789058427992731 0.00743393580372546 0.00921152809797 0.0895605696732308 0.130834794981416 0.184492109875727 0.202643550234237 0.244301473011663 0.278517268413004 0.357361746895252 0.409452213934713 0.558538879084836 0.671404131395635 0.644460039235589 0.678899822612688 0.792718817386361 0.743749223351562 0.754572637592461 0.784926888472838 0.794506689333765 0.681182665685734 0.651228805202527 0.52640454038437 0.617289497121655 0.522877964835658 0.557900859580372 0.539334371577504 0.386195757945209 0.295125717237307 0.339535654875168 0.249153349489674 0.273342889878222 0.203562465756968 0.315601068393952 0.15073168512167 0.131295771418482 0.0548002886720746 0.0795748947281294
68 0.0270058612926841 -0.00345664535053262 0.0509940603213318 -0.0909809362485796 0.0933003869240767 -0.00746120000643476 0.104788670828039 0.0514616823577376 0.111729052998218 0.143589518274934 0.188900507757495 0.391752485466794 0.32712284903112 0.411013937215622 0.49211189212048 0.541982033635451 0.715162966782021 0.687537766356225 0.747135009008991 0.756171728084329 0.756740430181633 0.793838797879564 0.744803045047008 0.641260408221298 0.644632034669042 0.696205034489524 0.617861156034151 0.587535754866631 0.47906619306686 0.449605309932834 0.3776756242637 0.353675124523938 0.217841752536719 0.345137998917447 0.230178302884809 0.182079053803321 0.108649707466784 0.108946996205902 0.0794774738995898 0.107510632134315 0.0907478652660798
69 -0.0521442218937354 0.0122889073181576 -0.0221616149529051 0.0642287768714599 -0.0466748197242738 -0.00308851872896159 -0.014424726986365 0.130733463494371 0.124950785546912 0.137389714755915 0.268925991195499 0.244476246019093 0.322052265470694 0.500442879397337 0.560066592935335 0.578889977849287 0.62466814931314 0.763487598053447 0.753829280319035 0.727775131290452 0.740685573317712 0.759367685014562 0.808500814311281 0.640652587023221 0.618519083806116 0.596800562563693 0.622109230428922 0.481904417436339 0.54323563397488 0.471842967741024 0.380282223604074 0.359353135253333 0.279388000240135 0.336533604983385 0.266344315076739 0.182395018297889 0.203153173456282 0.172439876180224 0.0643220975271657 0.101730040055328 0.0966513605587838
70 -0.0146386489442073 -0.00823228197342352 -0.0160818282438573 -0.01086671888896 -0.00650551290693015 0.0170856244785691 0.0579908704252167 0.111939557649488 0.194306741438447 0.172217530648224 0.189603212717399 0.333823772342859 0.356995250222826 0.450627850656998 0.679693775516013 0.616484127024177 0.647370552242149 0.76303563430186 0.698382926075012 0.770293974986317 0.829742872261781 0.849176906876028 0.785719566954843 0.695703985802561 0.67952553378093 0.574770402752284 0.573021872078603 0.56024010303259 0.419117862381114 0.378214472567167 0.391583020568938 0.323494373144233 0.382246981206489 0.210300360432797 0.162970164568922 0.193594742858297 0.238596493558056 0.149618548916011 0.141549458858192 0.0957518292620821 0.0836519801248311
71 0.086937832791448 0.109656128195877 -0.0568268217351215 0.00856516896593417 -0.0426915782270953 0.0471494092190931 0.0681209749837598 0.157213918343266 0.216660330095334 0.174627908798635 0.297051319029336 0.328862687884254 0.422805993426856 0.359807097429807 0.604301967823633 0.610854712577731 0.6157643258402 0.783058255617623 0.720583984095348 0.754577660866015 0.794689472182381 0.747704167792385 0.703911351764114 0.768880767507362 0.508851885928255 0.63308853993754 0.523761089114386 0.481672916191128 0.496928366262376 0.35395582087247 0.477279617783303 0.381496288713283 0.316817080571023 0.284154407972081 0.340366645359767 0.278065957759343 0.154756390835093 0.131879176270803 0.118776094986266 0.163341607676595 0.000277975762254329
72 0.0366030228194096 -0.0813987704073824 0.0104973526397255 0.0610635954070078 0.0396699454864485 0.00176698636779881 0.0179957382658515 0.192559228450046 0.11966862896574 0.217906788806529 0.126783511658428 0.269989070143664 0.326813858584039 0.524622775549576 0.573478062209992 0.62328739686487 0.632661308418529 0.699029671494214 0.704135594535719 0.741457648146693 0.756159899971619 0.782424631401343 0.747586438257843 0.706229833199384 0.607328678733883 0.734085758551897 0.53047705078903 0.562313504396837 0.461532193256474 0.428497683159459 0.27906369218797 0.361477418655668 0.315803942652013 0.19655887402744 0.242791107030465 0.174264748778192 0.177579193147827 0.210214582575363 0.17881356678732 0.0763336550055378 0.0275765268301207
73 -0.0425883400229273 0.0022889794791455 0.0151767055792848 0.0500052660098417 0.0445228364667117 0.0461759926155636 0.0559202993436774 0.0543069205213213 0.137581798405753 0.157891666895464 0.173012586650518 0.373311400895741 0.376382598562976 0.322442819311535 0.49071561132331 0.634681348334567 0.592784201034148 0.661139688809331 0.756979037337256 0.776238373311887 0.70151377750285 0.777080057572152 0.723298207798183 0.778102735522415 0.712837247368496 0.586438523321164 0.505351019275067 0.587388185858729 0.573277020595701 0.442205184377611 0.433321009386304 0.274017298370837 0.342462490722657 0.219038737801789 0.202029646360735 0.1657789058633 0.115669134619966 0.2179875622991 0.124306827196042 0.100298038029022 0.0763137286721224
74 -0.056206249633562 0.0661400650951911 -0.0774867323867153 -0.0259656105271988 -0.0455040514819337 0.0703677824376007 0.0182689914592576 0.101455010146877 0.185018044700624 0.0829490256759323 0.209907241601841 0.257082248551092 0.358013076369724 0.40969144884228 0.535140022063161 0.547414442193613 0.670123101695829 0.769377844200679 0.787612720899923 0.658588970031884 0.771289850759116 0.786626002268539 0.752807208179907 0.667949033210672 0.668148096208334 0.542948559612747 0.506407724554936 0.500705673531994 0.539190696946372 0.419359425165994 0.342044773902775 0.369722293355017 0.228246127696398 0.230469739085906 0.166736315872488 0.277320190146774 0.168854189536982 0.197588945555061 0.106121487004535 0.149725199592279 0.104575288810057
75 -0.0430098079999425 -0.0349521547568195 -0.0693067621207637 0.0304562319109157 0.0245415588474832 0.0512976846437987 0.0643899356614606 0.158748876415151 0.10953503273178 0.133670727098148 0.190023530479246 0.291472342454189 0.405542904100305 0.365779334886418 0.508233499289336 0.520588154190347 0.703801537400559 0.614969267195631 0.703769034137365 0.759221609133334 0.701792538962851 0.765198158166638 0.722404940214587 0.724209249477256 0.685822351833064 0.608621470630183 0.492986265805052 0.543424330964959 0.500028730175848 0.384262523275404 0.425751269754889 0.270540569046142 0.296974972567995 0.216228691105754 0.148950043054377 0.20641802998456 0.15048435614916 0.174766363296897 0.199790082932239 0.172193854575456 0.0998531692824859
76 0.0337137712088983 -0.000415021636003736 0.018076177575994 -0.00940636317868432 -0.0241619861373227 0.0712346659406076 -0.0367321847595248 0.0897034962212197 0.0648162704273952 0.133457736431952 0.290682317148889 0.309847795852195 0.365569770536489 0.410905398501193 0.414169572851115 0.523649224700827 0.655773582830518 0.681435025051875 0.612796266418684 0.788419809620713 0.706346481823232 0.73164970329953 0.745272713730647 0.698693742339214 0.625984426835512 0.671366801978354 0.609585504225431 0.408290402313512 0.444855599830693 0.361651190667146 0.354834702666124 0.330033716202558 0.31801820513811 0.269053609522163 0.133558077758961 0.206627986779829 0.130240027936778 0.0943249433344871 0.11049340551517 0.100539717581331 0.0376842146071911
77 0.0261264483432193 0.103390326849484 -0.0423791936506361 0.0760603846307097 0.0456366475406932 -0.0070115716568383 0.0658743769507955 0.0460368155997421 0.165489183835946 0.11692574203461 0.218631162494723 0.404680867875194 0.353033179829451 0.441273202171105 0.498714844384348 0.607851354040107 0.724146992728788 0.716356536325598 0.678038155358236 0.784127714048982 0.847659568830031 0.7662651998761 0.712920164769211 0.707779551842566 0.723303088244734 0.596552844543151 0.503653939818916 0.532724825634539 0.517542925148828 0.468185619356884 0.418836046875464 0.319265870791202 0.349790991378987 0.240982542370684 0.137644902373974 0.129017558119557 0.197120444224908 0.131436092684658 0.0895703648310612 0.108615576662452 0.140864308268659
78 -0.0241854092352128 -0.087431465695553 -0.00636259361305215 -0.0655614463514181 -0.0573594262962553 0.026217218929987 0.0190209176749665 0.0278637724510716 0.0383690921716453 0.178238326708682 0.237748910761458 0.317376447602716 0.330057291235348 0.417724412622152 0.492214640810939 0.55309561708104 0.55346502602964 0.624896205643994 0.670351159729283 0.848434293462398 0.672702051011245 0.747641929633119 0.763546476152182 0.697070906167727 0.635288312656735 0.637927953255267 0.593075618706717 0.530197530261785 0.502601227978143 0.469766876933205 0.363184317712455 0.291699200064817 0.251540910779335 0.270958507684681 0.224644484570142 0.230484739445508 0.124991328800254 0.141079736744232 0.156398460643179 0.15990595409212 0.0917048749970099
79 -0.0144033469931479 -0.0345190273197125 0.0586363407764487 0.0535675200545179 0.0630909604433259 0.064921324655688 0.0970164265947559 0.146815995855808 0.101197850175205 0.285870609698237 0.253770400777501 0.371324984496222 0.401717873629453 0.403047065304753 0.500898901481138 0.593999796312545 0.594837645974124 0.601825488411417 0.772851662736823 0.701587328357276 0.695121595621711 0.743996405123998 0.728401880947728 0.722823429200286 0.676845501584781 0.663285850786838 0.677111571859318 0.53368657573705 0.392310888486281 0.409839907945446 0.342273582876968 0.386642062748071 0.302573025330968 0.316126473054169 0.277864518098605 0.250700845776143 0.0887267592599316 0.150220823240868 0.197503387778328 0.120532847348099 0.0716276738134846
80 0.0527407563890289 -0.0545200096215425 -0.0133747223355996 0.0817240389263898 0.0171291605512346 0.0338366342279401 -0.0493588881309491 0.205854575403555 0.0922485635128797 0.199166273966005 0.224474331359907 0.246481171539707 0.411975300751005 0.421413445793771 0.476139024357839 0.629638765593866 0.655601793848422 0.701113139198606 0.717711380262854 0.681301610413327 0.706991995898476 0.764642149088081 0.643915123361819 0.680670906483576 0.645462103548559 0.517260942289305 0.547644272605477 0.571132903202533 0.522163335344674 0.500166266308081 0.309887343943615 0.330300250280837 0.323013236050024 0.31218642617897 0.238601886170076 0.227220793141331 0.206470770803342 0.198073146616409 0.0730157710586633 0.120720119985327 0.10217122225278
